1412 35.77 3209770 124
1x1/008e3c 0 0 0
1x1/184632 1 0 0
2x16/05131d 2 0 0
1x1/184632 4 0 0
1x1/184632 5 0 0
4x4-2367/05131d 6 0 1
6x12/05131d 10 0 0
4x4-2367/1b2a34 16 0 1
2x2-1/1b2a34 20 0 1
1x1/05131d 22 0 0
4x8/467083 23 0 0
4x4-2367/05131d 27 0 1
2x10/05131d 31 0 0
1x6/1b2a34 33 0 0
4x12/05131d 34 0 0
4x4-2367/0d4763 38 0 0
4x4-2367/184632 42 0 0
4x4-2367/184632 46 0 0
4x4-2367/008e3c 50 0 1
3x3-268/008e3c 54 0 0
1x1/008e3c 57 0 0
1x1/3fb69e 58 0 0
1x1/3cb371 59 0 0
1x1/3cb371 60 0 0
1x1/008e3c 61 0 0
2x4/008e3c 62 0 0
1x1/008e3c 0 1 0
1x12/008e3c 1 1 0
2x3-1/05131d 4 1 0
1x1/05131d 22 1 0
1x1/3cb371 57 1 0
1x1/3fb69e 58 1 0
1x1/3cb371 59 1 0
1x1/3cb371 60 1 0
1x1/008e3c 61 1 0
1x6/008e3c 0 2 0
1x1/354e5a 20 2 0
1x1/3e3c39 21 2 0
1x1/05131d 22 2 0
1x1/3cb371 57 2 0
1x1/3fb69e 58 2 0
1x3/3cb371 59 2 0
1x1/3cb371 60 2 0
1x1/008e3c 61 2 0
1x1/1b2a34 20 3 0
2x14/05131d 21 3 0
1x1/008e3c 54 3 0
1x1/008e3c 55 3 0
1x1/008e3c 56 3 0
1x1/3cb371 57 3 0
1x1/73dca1 58 3 0
1x1/3cb371 60 3 0
1x1/008e3c 61 3 0
2x3-1/0a1327 4 4 0
1x1/467083 6 4 0
3x3-268/05131d 7 4 0
2x2-1/0a1327 16 4 1
1x8/05131d 18 4 0
1x1/354e5a 19 4 0
1x1/3e3c39 20 4 0
3x3-268/1b2a34 27 4 0
1x6/05131d 30 4 0
2x2-1/0d4763 38 4 1
1x8/184632 40 4 0
2x2-1/184632 41 4 0
8x8/05131d 43 4 0
4x8/05131d 51 4 0
1x2/184632 55 4 0
1x1/237841 56 4 0
1x1/3cb371 57 4 0
1x1/73dca1 58 4 0
1x1/3cb371 60 4 0
1x1/008e3c 61 4 0
2x2-1/008e3c 62 4 1
1x4/1b2a34 6 5 0
2x4/05131d 19 5 0
2x8/05131d 56 5 0
3x3-268/184632 58 5 0
1x1/008e3c 61 5 0
1x1/4d4c52 16 6 0
1x6/05131d 17 6 0
1x10/05131d 33 6 0
1x1/237841 38 6 0
1x1/184632 39 6 0
2x6/05131d 41 6 0
1x6/05131d 55 6 0
1x1/008e3c 61 6 0
2x2-1/008e3c 62 6 1
1x3/352100 4 7 0
1x3/3e3c39 5 7 0
3x3-268/05131d 7 7 0
1x12/0a1327 16 7 0
1x1/354e5a 27 7 0
1x10/05131d 28 7 0
1x4/05131d 29 7 0
1x1/237841 38 7 0
1x1/184632 39 7 0
1x1/008e3c 61 7 0
1x1/008e3c 0 8 0
4x4-2367/6074a1 23 8 1
1x8/3f3691 27 8 0
1x1/237841 38 8 0
1x1/0d4763 39 8 0
1x1/05131d 58 8 0
1x1/184632 59 8 0
1x1/3cb371 60 8 0
1x1/008e3c 61 8 0
2x2-1/008e3c 62 8 1
1x1/008e3c 0 9 0
1x1/5c5030 6 9 0
2x2-1/0a1327 19 9 1
1x1/237841 38 9 0
1x1/05131d 39 9 0
1x2/184632 58 9 0
1x1/008e3c 59 9 0
1x1/008e3c 60 9 0
1x1/008e3c 61 9 0
1x1/008e3c 0 10 0
6x6/05131d 4 10 0
1x1/05131d 30 10 0
1x1/354e5a 31 10 0
1x6/05131d 32 10 0
1x1/008e3c 38 10 0
1x1/237841 39 10 0
1x1/008e3c 59 10 0
1x1/3cb371 60 10 0
1x1/008e3c 61 10 0
2x3-1/008e3c 62 10 0
1x1/008f9b 0 11 0
2x2-1/0a1327 19 11 0
1x2/354e5a 29 11 0
1x1/27867e 30 11 0
1x1/354e5a 31 11 0
1x1/008e3c 38 11 0
1x1/184632 39 11 0
3x3-268/05131d 58 11 0
1x1/008e3c 61 11 0
1x1/008f9b 0 12 0
4x4-2367/0a1327 10 12 0
1x1/57392c 14 12 0
1x1/1b2a34 15 12 0
1x1/631314 17 12 0
1x1/330000 18 12 0
1x6/4354a3 23 12 0
2x8/6874ca 24 12 0
1x8/6874ca 26 12 0
2x2-1/184632 30 12 0
4x6/05131d 34 12 0
1x1/008e3c 38 12 0
1x2/27867e 39 12 0
1x1/05131d 40 12 0
1x1/05131d 41 12 0
2x2-1/05131d 42 12 1
1x2/184632 44 12 0
1x1/184632 45 12 0
1x1/05131d 46 12 0
1x3/1e601e 47 12 0
1x1/184632 48 12 0
1x1/05131d 49 12 0
1x1/05131d 50 12 0
1x1/05131d 51 12 0
1x1/05131d 52 12 0
1x1/05131d 53 12 0
1x1/05131d 54 12 0
1x1/05131d 55 12 0
1x1/008e3c 61 12 0
1x1/008f9b 0 13 0
1x1/008e3c 1 13 0
1x1/81007b 14 13 0
1x1/1b2a34 15 13 0
1x6/0a1327 17 13 0
1x1/631314 18 13 0
1x1/631314 19 13 0
1x5/0a1327 20 13 0
1x3/05131d 29 13 0
1x1/008f9b 38 13 0
1x1/27867e 40 13 0
1x1/4b9f4a 41 13 0
1x1/05131d 45 13 0
1x2/1e601e 46 13 0
1x1/237841 48 13 0
1x1/008e3c 49 13 0
1x1/008e3c 50 13 0
1x1/008e3c 51 13 0
2x2-1/008e3c 52 13 1
1x1/237841 54 13 0
1x1/184632 55 13 0
1x1/184632 56 13 0
1x1/184632 57 13 0
1x1/05131d 61 13 0
1x1/05131d 62 13 0
1x1/008e3c 63 13 0
1x1/008f9b 0 14 0
1x1/008e3c 1 14 0
2x3-1/0a1327 14 14 0
1x1/5e3f33 18 14 0
1x6/0a1327 19 14 0
1x1/467083 30 14 0
1x3/0a1327 31 14 0
1x1/008f9b 38 14 0
1x1/10929d 39 14 0
1x1/3cb371 40 14 0
1x1/3cb371 41 14 0
1x1/3cb371 42 14 0
1x1/3cb371 43 14 0
1x1/3cb371 44 14 0
1x5/1e601e 45 14 0
1x1/3cb371 48 14 0
1x1/3cb371 49 14 0
1x1/3fb69e 50 14 0
1x1/3fb69e 51 14 0
1x1/468a5f 54 14 0
1x1/008e3c 55 14 0
1x1/008e3c 56 14 0
1x1/008e3c 57 14 0
1x1/5ac4da 58 14 0
1x1/3cb371 59 14 0
1x1/3cb371 60 14 0
1x1/008e3c 61 14 0
1x1/3cb371 62 14 0
1x1/008e3c 63 14 0
1x1/008f9b 0 15 0
1x1/008e3c 1 15 0
1x12/05131d 18 15 0
1x1/354e5a 30 15 0
1x1/008f9b 38 15 0
1x1/008f9b 39 15 0
1x1/008f9b 40 15 0
1x1/3cb371 41 15 0
1x1/3cb371 42 15 0
2x2-1/1e601e 43 15 1
1x1/05131d 46 15 0
1x1/3cb371 47 15 0
1x1/008e3c 48 15 0
1x1/3cb371 49 15 0
1x1/3fb69e 50 15 0
1x1/3fb69e 51 15 0
1x1/3fb69e 52 15 0
1x1/3fb69e 53 15 0
1x1/3fb69e 54 15 0
1x1/3fb69e 55 15 0
1x1/3cb371 56 15 0
1x1/3cb371 57 15 0
1x1/94e5ab 58 15 0
1x1/3cb371 59 15 0
1x1/3cb371 60 15 0
1x1/3cb371 61 15 0
1x1/008e3c 62 15 0
1x1/008e3c 63 15 0
1x1/008f9b 0 16 0
1x1/008f9b 1 16 0
1x1/184632 2 16 0
1x1/05131d 3 16 0
1x1/05131d 4 16 0
1x1/05131d 5 16 0
1x1/05131d 6 16 0
1x1/05131d 7 16 0
1x1/05131d 8 16 0
1x1/05131d 9 16 0
1x1/05131d 10 16 0
1x1/05131d 11 16 0
1x1/05131d 12 16 0
1x1/05131d 13 16 0
1x2/4354a3 27 16 0
1x1/467083 29 16 0
1x2/0a1327 30 16 0
1x1/0a1327 32 16 0
1x1/05131d 33 16 0
1x1/10929d 38 16 0
1x1/008f9b 39 16 0
1x1/008f9b 40 16 0
1x1/3cb371 41 16 0
1x1/3cb371 42 16 0
1x1/468a5f 46 16 0
1x1/1e601e 47 16 0
1x1/008e3c 48 16 0
1x1/3cb371 49 16 0
1x1/3cb371 50 16 0
1x1/3cb371 51 16 0
1x1/3cb371 52 16 0
1x1/3cb371 53 16 0
1x1/3cb371 54 16 0
1x1/3cb371 55 16 0
1x1/3cb371 56 16 0
1x1/3cb371 57 16 0
1x1/73dca1 58 16 0
1x1/3cb371 59 16 0
1x1/3cb371 60 16 0
1x1/3cb371 61 16 0
1x1/008e3c 62 16 0
1x1/008e3c 63 16 0
1x1/10929d 0 17 0
1x1/10929d 1 17 0
1x1/10929d 2 17 0
2x2-1/36aebf 3 17 1
3x3-268/5b98b3 5 17 0
3x3-268/6874ca 8 17 0
1x1/4354a3 11 17 0
1x1/3f3691 12 17 0
1x1/3f3691 13 17 0
1x1/4b0082 14 17 0
1x1/0a3463 15 17 0
1x1/0a1327 21 17 0
1x1/0a1327 22 17 0
1x1/05131d 28 17 0
1x1/1b2a34 29 17 0
1x1/0a3463 31 17 0
1x1/4b0082 32 17 0
1x1/4b0082 33 17 0
1x1/3cb371 38 17 0
1x1/008f9b 39 17 0
1x1/008f9b 40 17 0
1x1/008e3c 41 17 0
1x1/1e601e 42 17 0
1x1/468a5f 43 17 0
1x1/237841 44 17 0
1x1/05131d 46 17 0
1x1/468a5f 47 17 0
1x3/237841 48 17 0
1x1/008f9b 49 17 0
4x4-2367/008f9b 50 17 0
1x1/008f9b 54 17 0
1x1/008f9b 55 17 0
1x1/3cb371 56 17 0
1x1/3cb371 57 17 0
1x1/aeefec 58 17 0
1x1/3cb371 59 17 0
1x1/3cb371 60 17 0
1x1/3cb371 61 17 0
1x1/008e3c 62 17 0
1x1/008e3c 63 17 0
1x1/10929d 0 18 0
1x1/10929d 1 18 0
1x1/10929d 2 18 0
1x1/6874ca 11 18 0
1x1/6874ca 12 18 0
1x1/6874ca 13 18 0
1x1/9391e4 14 18 0
1x1/9391e4 15 18 0
1x1/1b2a34 20 18 0
1x1/6874ca 21 18 0
1x1/6874ca 22 18 0
1x1/6874ca 23 18 0
2x2-1/5b98b3 27 18 0
1x2/3e95b6 29 18 0
1x1/27867e 30 18 0
1x1/0d4763 31 18 0
1x1/0d4763 32 18 0
1x1/1b2a34 33 18 0
1x1/1b2a34 34 18 0
1x1/1b2a34 35 18 0
1x1/0a1327 36 18 0
1x1/1b2a34 37 18 0
1x1/3cb371 38 18 0
1x1/008f9b 39 18 0
1x1/008f9b 40 18 0
1x1/10929d 41 18 0
1x1/1e601e 42 18 0
1x1/3cb371 43 18 0
1x1/184632 44 18 0
1x1/237841 46 18 0
1x2/1e601e 47 18 0
1x4/10929d 49 18 0
2x3-1/008f9b 54 18 0
1x1/008f9b 56 18 0
1x1/3cb371 57 18 0
1x1/aeefec 58 18 0
1x1/3cb371 59 18 0
1x1/3cb371 60 18 0
1x1/3cb371 61 18 0
1x1/3cb371 62 18 0
1x1/008e3c 63 18 0
1x1/184632 0 19 0
1x1/184632 1 19 0
1x1/184632 2 19 0
2x16/4d4c52 3 19 0
1x1/9391e4 11 19 0
1x1/9391e4 12 19 0
1x1/9391e4 13 19 0
1x1/9391e4 14 19 0
1x1/9391e4 15 19 0
2x2-1/05131d 16 19 1
1x1/05131d 20 19 0
1x1/6874ca 21 19 0
1x1/9391e4 22 19 0
1x1/9391e4 23 19 0
1x1/36aebf 30 19 0
1x1/36aebf 31 19 0
1x1/3fb69e 32 19 0
1x1/039cbd 33 19 0
1x1/3fb69e 34 19 0
1x1/3fb69e 35 19 0
1x1/3fb69e 36 19 0
1x1/3cb371 37 19 0
1x1/3cb371 38 19 0
1x1/3cb371 39 19 0
1x1/008f9b 40 19 0
1x1/008f9b 41 19 0
1x1/10929d 42 19 0
1x1/27867e 43 19 0
1x1/27867e 44 19 0
1x1/184632 45 19 0
1x1/05131d 46 19 0
1x1/008f9b 56 19 0
1x1/3cb371 57 19 0
1x1/73dca1 58 19 0
1x1/3cb371 59 19 0
1x1/3cb371 60 19 0
1x1/3cb371 61 19 0
1x1/3cb371 62 19 0
1x1/008e3c 63 19 0
1x1/898788 0 20 0
1x1/898788 1 20 0
1x1/898788 2 20 0
8x16/4d4c52 5 20 0
1x1/1b2a34 13 20 0
1x1/1b2a34 14 20 0
1x1/1b2a34 15 20 0
1x1/05131d 19 20 0
1x1/3f3691 20 20 0
1x1/3f3691 21 20 0
1x1/3f3691 22 20 0
1x1/3f3691 23 20 0
1x1/4354a3 24 20 0
1x1/4354a3 25 20 0
1x1/4354a3 26 20 0
1x1/467083 27 20 0
1x1/467083 28 20 0
1x1/27867e 29 20 0
1x1/10929d 30 20 0
1x1/10929d 31 20 0
1x1/10929d 32 20 0
1x1/10929d 33 20 0
1x1/3fb69e 34 20 0
1x1/3fb69e 35 20 0
1x1/3fb69e 36 20 0
1x1/3fb69e 37 20 0
1x1/3cb371 38 20 0
1x1/3cb371 39 20 0
1x1/3cb371 40 20 0
1x1/10929d 41 20 0
1x1/237841 42 20 0
1x1/237841 43 20 0
1x1/1e601e 44 20 0
1x1/237841 45 20 0
1x1/27867e 46 20 0
1x1/10929d 47 20 0
1x1/10929d 48 20 0
1x1/008f9b 56 20 0
1x1/3cb371 57 20 0
1x1/a7dccf 58 20 0
1x1/008e3c 59 20 0
1x1/3cb371 60 20 0
1x1/3cb371 61 20 0
1x1/3cb371 62 20 0
1x1/008e3c 63 20 0
2x6/4d4c52 0 21 0
1x12/4d4c52 2 21 0
1x1/898788 13 21 0
1x1/898788 14 21 0
1x1/9c9c9c 15 21 0
1x1/898788 16 21 0
1x1/6c6e68 17 21 0
1x12/898788 19 21 0
1x1/9c9c9c 20 21 0
1x1/abadac 21 21 0
1x1/9c9c9c 22 21 0
1x1/9c9c9c 23 21 0
1x1/898788 24 21 0
2x2-1/898788 25 21 1
4x4-2367/6c6e68 27 21 1
6x16/4d4c52 31 21 0
1x1/1b2a34 37 21 0
1x1/1b2a34 38 21 0
1x1/1b2a34 39 21 0
1x1/1b2a34 40 21 0
1x1/0a1327 41 21 0
1x1/0a1327 42 21 0
1x1/05131d 43 21 0
1x1/05131d 44 21 0
1x1/05131d 45 21 0
1x1/05131d 46 21 0
1x1/05131d 47 21 0
1x1/05131d 48 21 0
2x2-1/10929d 50 21 0
2x2-1/10929d 52 21 0
2x2-1/10929d 54 21 0
1x1/008f9b 56 21 0
1x1/3cb371 57 21 0
1x1/aeefec 58 21 0
1x1/008e3c 59 21 0
1x1/3cb371 60 21 0
1x1/3cb371 61 21 0
1x1/3cb371 62 21 0
1x1/008f9b 63 21 0
4x12/4d4c52 13 22 0
1x1/4d4c52 17 22 0
1x6/737271 20 22 0
1x1/6c6e68 21 22 0
1x1/575857 22 22 0
2x16/616161 23 22 0
2x16/4d4c52 37 22 0
3x3-268/616161 39 22 0
6x12/575857 42 22 0
1x6/4d4c52 48 22 0
1x1/3e95b6 49 22 0
1x1/27867e 56 22 0
1x1/3cb371 57 22 0
1x1/94e5ab 58 22 0
1x1/008e3c 59 22 0
1x1/237841 60 22 0
1x1/237841 61 22 0
1x1/184632 62 22 0
1x1/184632 63 22 0
1x10/898788 17 23 0
1x1/abadac 21 23 0
1x2/898788 22 23 0
2x14/4d4c52 25 23 0
2x2-1/05131d 49 23 0
1x3/05131d 51 23 0
1x1/05131d 52 23 0
1x1/05131d 53 23 0
2x2-1/05131d 54 23 1
1x3/05131d 56 23 0
1x1/05131d 57 23 0
1x1/05131d 58 23 0
2x2-1/05131d 59 23 1
1x3/05131d 61 23 0
1x1/05131d 62 23 0
1x1/05131d 63 23 0
1x4/898788 21 24 0
1x1/237841 52 24 0
1x1/237841 53 24 0
1x1/237841 57 24 0
1x1/237841 58 24 0
1x1/3f3691 62 24 0
1x1/5f27aa 63 24 0
1x12/616161 22 25 0
4x6/575857 27 25 0
1x1/7988a1 39 25 0
1x1/9ba19d 40 25 0
1x1/9c9c9c 41 25 0
1x1/1b2a34 49 25 0
1x1/184632 50 25 0
1x1/3cb371 52 25 0
1x1/3cb371 53 25 0
1x1/1e601e 54 25 0
1x1/05131d 55 25 0
1x1/3fb69e 57 25 0
1x1/73dca1 58 25 0
1x1/3cb371 59 25 0
1x1/05131d 60 25 0
1x1/5f27aa 62 25 0
1x1/ac78ba 63 25 0
3x3-268/575857 39 26 0
1x1/1b2a34 49 26 0
1x1/237841 50 26 0
1x1/73dca1 51 26 0
1x1/55a5af 52 26 0
1x1/237841 53 26 0
1x1/237841 54 26 0
1x1/184632 55 26 0
1x1/3fb69e 56 26 0
1x1/27867e 57 26 0
1x1/27867e 58 26 0
1x1/27867e 59 26 0
2x2-1/354e5a 60 26 1
1x1/0a3463 62 26 0
1x1/467083 63 26 0
1x1/898788 0 27 0
1x1/737271 1 27 0
1x12/05131d 18 27 0
1x1/05131d 49 27 0
1x1/27867e 50 27 0
1x1/3cb371 51 27 0
1x1/3fb69e 52 27 0
1x1/55a5af 53 27 0
1x1/0d4763 54 27 0
1x1/237841 55 27 0
2x2-1/0d4763 56 27 1
2x2-1/0d4763 58 27 0
1x1/4354a3 62 27 0
1x1/3f3691 63 27 0
2x16/4d4c52 0 28 0
2x12/575857 20 28 0
1x3/595d60 48 28 0
1x1/184632 49 28 0
1x1/3fb69e 50 28 0
1x1/5ac4da 51 28 0
2x2-1/3fb69e 52 28 0
1x1/27867e 54 28 0
1x1/10929d 55 28 0
1x1/354e5a 60 28 0
1x1/6074a1 61 28 0
1x2/ac78ba 62 28 0
1x2/0d4763 63 28 0
1x1/898788 39 29 0
2x2-1/737271 40 29 0
1x2/237841 49 29 0
1x1/3fb69e 50 29 0
1x1/55a5af 51 29 0
1x1/3cb371 54 29 0
1x1/60ba76 55 29 0
2x3-1/184632 56 29 0
1x2/3fb69e 58 29 0
1x1/467083 59 29 0
1x1/6074a1 60 29 0
1x1/8d73b3 61 29 0
1x8/575857 39 30 0
1x1/3fb69e 50 30 0
1x1/5ac4da 51 30 0
1x1/3fb69e 52 30 0
1x1/73dca1 53 30 0
1x1/27867e 54 30 0
1x1/27867e 55 30 0
1x1/10929d 59 30 0
2x2-1/3fb69e 60 30 1
1x1/36aebf 62 30 0
1x1/10929d 63 30 0
2x3-1/595d60 27 31 0
2x3-1/575857 29 31 0
2x8/4d4c52 40 31 0
1x8/354e5a 48 31 0
1x1/006400 49 31 0
1x1/3fb69e 50 31 0
1x1/3fb69e 51 31 0
1x1/3fb69e 52 31 0
1x1/3cb371 53 31 0
2x2-1/237841 54 31 0
1x1/3fb69e 58 31 0
1x1/3fb69e 59 31 0
1x1/7dbfdd 62 31 0
1x1/3fb69e 63 31 0
3x3-268/184632 49 32 0
1x1/237841 52 32 0
1x2/05131d 53 32 0
2x2-1/05131d 56 32 0
1x1/237841 58 32 0
1x1/27867e 59 32 0
1x1/354e5a 60 32 0
1x1/354e5a 61 32 0
1x1/aeefec 62 32 0
1x3/0a1327 63 32 0
1x10/4d4c52 2 33 0
1x1/616161 17 33 0
1x8/898788 19 33 0
1x1/05131d 52 33 0
1x1/05131d 54 33 0
1x4/1b2a34 55 33 0
2x2-1/184632 58 33 0
2x2-1/1b2a34 60 33 0
1x1/7dbfdd 62 33 0
4x6/4d4c52 13 34 0
1x6/3e3c39 17 34 0
1x3/4d4c52 27 34 0
3x3-268/737271 28 34 0
1x1/4d4c52 42 34 0
1x1/4d4c52 43 34 0
2x2-1/4d4c52 44 34 1
2x4/575857 46 34 0
1x1/354e5a 52 34 0
2x2-1/184632 53 34 1
2x3-1/1b2a34 56 34 0
1x1/354e5a 62 34 0
2x8/4d4c52 3 35 0
1x1/9c9c9c 42 35 0
1x1/898788 43 35 0
4x6/0a1327 49 35 0
1x1/237841 58 35 0
1x1/27867e 59 35 0
1x1/27867e 60 35 0
2x2-1/6074a1 61 35 0
1x1/0d4763 63 35 0
6x6/4d4c52 5 36 0
2x6/4d4c52 11 36 0
3x3-268/4d4c52 42 36 0
1x3/4d4c52 45 36 0
1x1/05131d 53 36 0
1x1/05131d 54 36 0
1x1/0a1327 58 36 0
1x1/0a1327 59 36 0
1x2/467083 60 36 0
1x1/0a1327 63 36 0
1x4/616161 22 37 0
2x3-1/4d4c52 25 37 0
1x1/898788 27 37 0
1x1/737271 28 37 0
3x3-268/4d4c52 29 37 0
3x3-268/4d4c52 32 37 0
2x2-1/4d4c52 35 37 0
1x1/237841 53 37 0
1x1/237841 54 37 0
1x1/237841 55 37 0
1x1/467083 56 37 0
2x2-1/354e5a 57 37 1
1x1/354e5a 59 37 0
1x1/27867e 61 37 0
2x2-1/1b2a34 62 37 1
2x2-1/616161 23 38 0
2x2-1/4d4c52 27 38 0
1x1/4d4c52 37 38 0
1x1/4d4c52 38 38 0
1x1/4d4c52 39 38 0
1x1/595d60 46 38 0
1x1/467083 47 38 0
3x3-268/0a1327 53 38 0
1x1/05131d 56 38 0
1x1/3f3691 59 38 0
1x1/467083 60 38 0
1x1/0d4763 61 38 0
1x5/05131d 18 39 0
1x1/467083 35 39 0
1x1/467083 36 39 0
1x1/27867e 37 39 0
1x1/3592c3 38 39 0
1x1/3592c3 39 39 0
1x1/3592c3 40 39 0
1x1/3592c3 41 39 0
1x1/68aece 42 39 0
1x1/5a93db 43 39 0
1x1/3e95b6 44 39 0
1x1/5a93db 45 39 0
1x1/3e95b6 46 39 0
1x1/3e95b6 47 39 0
1x1/354e5a 48 39 0
2x2-1/1b2a34 56 39 0
2x2-1/354e5a 58 39 0
2x2-1/6074a1 60 39 0
1x1/3f3691 62 39 0
1x1/0a3463 63 39 0
1x2/354e5a 13 40 0
1x1/4d4c52 14 40 0
1x1/4d4c52 15 40 0
1x1/3e3c39 16 40 0
1x1/3e3c39 17 40 0
1x1/737271 20 40 0
1x1/898788 21 40 0
2x2-1/6e8aa6 23 40 0
1x1/3592c3 25 40 0
1x1/1591cb 26 40 0
1x1/1591cb 27 40 0
1x1/1591cb 28 40 0
1x1/10929d 29 40 0
1x1/3592c3 30 40 0
1x1/3e95b6 31 40 0
1x1/6074a1 32 40 0
1x1/6074a1 33 40 0
1x1/5f7d8c 34 40 0
1x1/5f7d8c 35 40 0
1x1/737271 36 40 0
1x1/6c6e68 37 40 0
1x1/595d60 38 40 0
1x1/4d4c52 39 40 0
2x2-1/1b2a34 40 40 1
3x3-268/0a1327 42 40 0
2x6/05131d 45 40 0
2x2-1/0a1327 47 40 1
1x1/3e95b6 62 40 0
1x1/4b0082 63 40 0
2x2-1/467083 14 41 0
1x1/10929d 16 41 0
1x1/467083 17 41 0
1x1/3e95b6 19 41 0
1x1/3e95b6 20 41 0
1x1/3e95b6 21 41 0
1x1/68aece 22 41 0
1x1/5f7d8c 25 41 0
1x1/7988a1 26 41 0
1x1/354e5a 27 41 0
2x2-1/3e3c39 28 41 1
2x2-1/354e5a 30 41 0
1x1/0a1327 32 41 0
1x1/05131d 33 41 0
1x1/05131d 34 41 0
1x1/05131d 35 41 0
1x1/05131d 36 41 0
1x1/05131d 37 41 0
1x1/184632 38 41 0
1x1/184632 39 41 0
3x3-268/1b2a34 49 41 0
1x1/27867e 52 41 0
1x1/73dca1 53 41 0
1x1/94e5ab 54 41 0
1x1/3fb69e 55 41 0
1x1/73dca1 56 41 0
1x1/3cb371 57 41 0
1x1/467083 58 41 0
1x1/3f3691 59 41 0
1x1/3f3691 60 41 0
1x1/5f27aa 61 41 0
1x1/4354a3 62 41 0
1x1/10929d 63 41 0
1x1/354e5a 5 42 0
1x1/354e5a 6 42 0
1x1/467083 7 42 0
2x2-1/467083 8 42 0
1x1/3592c3 10 42 0
1x1/36aebf 11 42 0
1x1/68aece 12 42 0
1x1/3e95b6 13 42 0
1x1/595d60 16 42 0
1x1/3e3c39 17 42 0
1x1/616161 19 42 0
1x1/4d4c52 20 42 0
1x1/1b2a34 21 42 0
1x1/0a1327 22 42 0
1x1/05131d 23 42 0
1x1/05131d 24 42 0
1x1/05131d 25 42 0
1x1/05131d 26 42 0
1x1/05131d 27 42 0
1x1/27867e 32 42 0
1x1/10929d 33 42 0
1x1/10929d 34 42 0
1x1/36aebf 35 42 0
1x1/039cbd 36 42 0
1x1/039cbd 37 42 0
1x1/039cbd 38 42 0
1x1/039cbd 39 42 0
1x1/10929d 40 42 0
1x2/4354a3 41 42 0
1x1/3f3691 47 42 0
1x1/1b2a34 48 42 0
1x1/0d4763 52 42 0
1x1/27867e 53 42 0
1x1/27867e 54 42 0
1x1/0d4763 55 42 0
1x1/354e5a 56 42 0
1x1/ac78ba 57 42 0
1x1/ac78ba 58 42 0
1x1/ac78ba 59 42 0
1x1/ac78ba 60 42 0
1x1/ac78ba 61 42 0
1x1/ac78ba 62 42 0
1x1/ac78ba 63 42 0
1x1/3592c3 2 43 0
1x1/1591cb 3 43 0
1x1/1591cb 4 43 0
1x1/1591cb 5 43 0
1x1/3592c3 6 43 0
1x1/467083 7 43 0
1x1/467083 10 43 0
1x1/595d60 11 43 0
1x1/354e5a 12 43 0
1x1/3e3c39 13 43 0
2x4/05131d 14 43 0
1x1/05131d 16 43 0
1x1/05131d 17 43 0
1x1/05131d 19 43 0
1x1/05131d 20 43 0
1x1/1b2a34 21 43 0
1x1/3f3691 22 43 0
1x1/4354a3 23 43 0
1x1/4354a3 24 43 0
1x1/4354a3 25 43 0
1x1/4c61db 26 43 0
2x2-1/6874ca 27 43 1
2x2-1/6874ca 29 43 0
1x1/3e95b6 31 43 0
1x1/3592c3 32 43 0
1x1/36aebf 33 43 0
1x1/36aebf 34 43 0
1x1/36aebf 35 43 0
1x1/36aebf 36 43 0
1x1/5a93db 37 43 0
1x1/5a93db 38 43 0
1x1/5a93db 39 43 0
1x1/6874ca 40 43 0
1x1/3f3691 42 43 0
2x4/05131d 43 43 0
1x1/4b0082 47 43 0
1x1/8320b7 48 43 0
4x4-2367/05131d 52 43 0
2x3-1/05131d 56 43 0
1x1/8320b7 58 43 0
1x1/4b0082 59 43 0
1x1/0a3463 60 43 0
1x1/1b2a34 61 43 0
1x1/354e5a 62 43 0
1x1/73dca1 63 43 0
1x1/3e95b6 0 44 0
1x1/467083 1 44 0
1x1/595d60 2 44 0
1x1/595d60 3 44 0
1x1/4d4c52 4 44 0
1x1/3e3c39 5 44 0
2x2-1/1b2a34 6 44 0
1x1/0a1327 8 44 0
1x1/05131d 9 44 0
1x1/05131d 10 44 0
1x1/05131d 11 44 0
1x1/05131d 12 44 0
1x1/0a1327 13 44 0
1x1/4b0082 16 44 0
1x1/5f27aa 17 44 0
1x1/8320b7 18 44 0
1x1/8320b7 19 44 0
1x1/8320b7 20 44 0
1x1/8320b7 21 44 0
1x1/8320b7 22 44 0
1x1/8320b7 23 44 0
1x1/8320b7 24 44 0
1x1/4c61db 25 44 0
1x1/6874ca 26 44 0
1x1/6874ca 31 44 0
1x1/6874ca 32 44 0
1x1/9391e4 33 44 0
1x1/9391e4 34 44 0
1x1/9391e4 35 44 0
1x1/9391e4 36 44 0
1x1/9391e4 37 44 0
1x1/9391e4 38 44 0
1x1/9391e4 39 44 0
1x1/6874ca 40 44 0
1x1/8320b7 41 44 0
1x2/5f27aa 42 44 0
1x1/4b0082 47 44 0
1x1/5f27aa 48 44 0
3x3-268/05131d 49 44 0
4x4-2367/05131d 58 44 0
2x3-1/05131d 62 44 0
1x1/3e3c39 0 45 0
2x2-1/1b2a34 1 45 1
1x1/05131d 3 45 0
1x1/05131d 4 45 0
1x1/05131d 5 45 0
1x1/0a3463 8 45 0
1x1/3f3691 9 45 0
2x2-1/5f27aa 10 45 0
2x2-1/5f27aa 12 45 0
1x1/4b0082 16 45 0
1x1/8320b7 17 45 0
1x1/8320b7 18 45 0
1x1/8320b7 19 45 0
1x1/8320b7 20 45 0
1x1/8320b7 21 45 0
1x1/8320b7 22 45 0
1x1/8320b7 23 45 0
1x1/8320b7 24 45 0
1x1/8320b7 25 45 0
1x1/8320b7 26 45 0
1x1/8320b7 27 45 0
1x1/8320b7 28 45 0
1x1/8320b7 29 45 0
1x1/6874ca 30 45 0
1x1/9391e4 31 45 0
1x1/9391e4 32 45 0
1x1/9391e4 33 45 0
1x1/9391e4 34 45 0
1x1/a3a9ff 35 45 0
1x1/e4adc8 36 45 0
1x1/a3a9ff 37 45 0
1x1/9391e4 38 45 0
1x1/a3a9ff 39 45 0
1x1/6874ca 40 45 0
1x1/8320b7 41 45 0
1x1/354e5a 47 45 0
1x1/354e5a 48 45 0
1x1/05131d 0 46 0
2x2-1/4354a3 3 46 0
1x1/4354a3 5 46 0
1x1/4354a3 6 46 0
1x1/4354a3 7 46 0
1x1/4354a3 8 46 0
1x1/5f27aa 9 46 0
1x1/4b0082 16 46 0
1x1/8320b7 17 46 0
1x1/8320b7 18 46 0
1x1/8320b7 19 46 0
1x1/8320b7 20 46 0
1x1/8320b7 21 46 0
1x1/8320b7 22 46 0
1x1/8320b7 23 46 0
1x1/8320b7 24 46 0
1x1/8320b7 25 46 0
1x1/8320b7 26 46 0
1x1/ac78ba 27 46 0
1x1/ac78ba 28 46 0
1x1/9391e4 29 46 0
1x1/a3a9ff 30 46 0
1x1/a3a9ff 31 46 0
1x1/e4adc8 32 46 0
1x1/e4adc8 33 46 0
1x1/e4adc8 34 46 0
1x1/ac78ba 35 46 0
1x1/8d73b3 36 46 0
1x1/8d73b3 37 46 0
1x1/6074a1 38 46 0
1x1/6074a1 39 46 0
1x1/4354a3 40 46 0
1x1/354e5a 41 46 0
1x1/0a1327 42 46 0
1x1/05131d 45 46 0
1x1/05131d 46 46 0
2x2-1/354e5a 47 46 1
2x2-1/05131d 56 46 0
1x1/3e95b6 0 47 0
1x1/3e95b6 1 47 0
1x1/4354a3 2 47 0
1x1/4c61db 5 47 0
1x1/4c61db 6 47 0
1x1/5f27aa 7 47 0
1x1/8320b7 8 47 0
1x1/8320b7 9 47 0
1x1/8320b7 10 47 0
1x1/8320b7 11 47 0
1x1/8320b7 12 47 0
1x1/5f27aa 13 47 0
1x1/1b2a34 14 47 0
1x8/05131d 15 47 0
1x1/5f27aa 16 47 0
1x1/8320b7 17 47 0
1x1/8320b7 18 47 0
1x1/8320b7 19 47 0
1x1/8320b7 20 47 0
1x1/8320b7 21 47 0
1x1/ac78ba 22 47 0
1x1/ac78ba 23 47 0
1x1/ac78ba 24 47 0
1x1/e4adc8 25 47 0
1x1/e4adc8 26 47 0
1x1/e4adc8 27 47 0
1x1/ac78ba 28 47 0
1x1/ac78ba 29 47 0
1x1/8d73b3 30 47 0
1x1/8d73b3 31 47 0
2x2-1/6074a1 32 47 0
1x1/4354a3 34 47 0
1x1/4354a3 35 47 0
1x1/467083 36 47 0
1x2/27867e 37 47 0
1x1/3fb69e 38 47 0
2x2-1/27867e 39 47 1
2x2-1/237841 41 47 0
3x3-268/184632 43 47 0
1x2/237841 46 47 0
3x3-268/184632 49 47 0
1x1/184632 52 47 0
1x1/05131d 53 47 0
1x1/05131d 54 47 0
1x1/05131d 55 47 0
2x3-1/05131d 62 47 0
1x1/4354a3 0 48 0
1x1/6874ca 1 48 0
1x1/4c61db 2 48 0
1x1/4c61db 3 48 0
1x1/8320b7 4 48 0
1x1/8320b7 5 48 0
1x1/8320b7 6 48 0
1x1/8320b7 7 48 0
1x1/8320b7 8 48 0
1x1/8320b7 9 48 0
1x1/8320b7 10 48 0
1x1/8320b7 11 48 0
1x1/8320b7 12 48 0
1x1/8320b7 13 48 0
1x1/4b0082 14 48 0
1x1/5f27aa 16 48 0
1x1/8320b7 17 48 0
1x1/ac78ba 18 48 0
1x1/e4adc8 19 48 0
1x1/e4adc8 20 48 0
1x1/e4adc8 21 48 0
1x1/ac78ba 22 48 0
1x1/ac78ba 23 48 0
1x1/ac78ba 24 48 0
2x2-1/8320b7 25 48 0
1x1/8320b7 27 48 0
1x1/5f27aa 28 48 0
1x1/6874ca 29 48 0
2x2-1/6074a1 30 48 0
2x2-1/27867e 34 48 0
1x1/27867e 36 48 0
1x1/237841 38 48 0
1x1/595d60 47 48 0
1x1/184632 48 48 0
2x2-1/237841 52 48 1
2x2-1/184632 54 48 1
1x1/184632 56 48 0
1x1/0a1327 57 48 0
1x1/05131d 58 48 0
1x1/05131d 59 48 0
2x2-1/05131d 60 48 1
1x1/6874ca 0 49 0
1x1/4c61db 1 49 0
1x1/8320b7 2 49 0
1x1/8320b7 3 49 0
1x1/8320b7 4 49 0
1x1/8320b7 5 49 0
1x1/8320b7 6 49 0
1x1/8320b7 7 49 0
1x1/8320b7 8 49 0
1x1/8320b7 9 49 0
1x1/8320b7 10 49 0
1x1/8320b7 11 49 0
1x1/8320b7 12 49 0
1x1/4b0082 13 49 0
1x1/4b0082 14 49 0
1x1/4b0082 16 49 0
1x1/ac78ba 17 49 0
2x2-1/5f27aa 18 49 1
2x2-1/8320b7 20 49 1
3x3-268/5f27aa 22 49 0
3x3-268/4354a3 27 49 0
2x2-1/27867e 32 49 0
1x1/008f9b 36 49 0
1x1/008f9b 37 49 0
1x1/008f9b 38 49 0
1x1/008f9b 39 49 0
1x1/27867e 40 49 0
1x1/237841 41 49 0
1x10/0a1327 42 49 0
2x8/0a1327 46 49 0
1x8/05131d 48 49 0
2x2-1/354e5a 56 49 1
1x1/354e5a 58 49 0
1x1/3e3c39 59 49 0
1x1/8320b7 0 50 0
1x1/8320b7 1 50 0
1x1/8320b7 2 50 0
1x1/8320b7 3 50 0
1x1/ac78ba 4 50 0
1x1/ac78ba 5 50 0
1x1/ac78ba 6 50 0
1x1/ac78ba 7 50 0
1x1/fe78b0 8 50 0
1x1/e4adc8 9 50 0
1x1/ac78ba 10 50 0
1x1/8320b7 11 50 0
1x1/4b0082 12 50 0
1x1/0a3463 13 50 0
1x6/0a1327 14 50 0
1x1/4b0082 16 50 0
1x1/4b0082 17 50 0
2x2-1/3f3691 25 50 0
2x2-1/467083 30 50 0
1x1/27867e 34 50 0
1x1/27867e 35 50 0
1x1/008f9b 36 50 0
1x1/008f9b 37 50 0
1x1/27867e 38 50 0
1x1/237841 39 50 0
2x2-1/184632 40 50 1
3x3-268/0a1327 43 50 0
4x4-2367/05131d 49 50 0
1x1/3f3691 53 50 0
2x2-1/1b2a34 54 50 0
1x1/6074a1 58 50 0
1x1/467083 59 50 0
2x2-1/354e5a 60 50 1
1x1/184632 62 50 0
1x1/184632 63 50 0
1x1/ac78ba 0 51 0
1x1/9391e4 1 51 0
1x1/a3a9ff 2 51 0
1x1/e4adc8 3 51 0
1x1/e4adc8 4 51 0
1x1/e4adc8 5 51 0
1x1/ac78ba 6 51 0
1x1/8320b7 7 51 0
1x1/8320b7 8 51 0
1x1/8320b7 9 51 0
1x1/5f27aa 10 51 0
1x2/4b0082 11 51 0
1x1/4b0082 12 51 0
1x1/0a1327 13 51 0
1x1/1b2a34 16 51 0
1x1/1b2a34 17 51 0
1x1/3f3691 18 51 0
1x1/5f27aa 19 51 0
1x1/3f3691 20 51 0
1x1/4b0082 21 51 0
3x3-268/1b2a34 32 51 0
2x2-1/0a1327 35 51 0
1x1/1b2a34 37 51 0
1x1/05131d 38 51 0
1x1/3e3c39 39 51 0
1x1/1b2a34 53 51 0
3x3-268/1b2a34 56 51 0
1x3/1b2a34 59 51 0
1x1/27867e 62 51 0
1x1/27867e 63 51 0
1x1/ac78ba 0 52 0
1x1/ac78ba 1 52 0
1x1/8320b7 2 52 0
2x2-1/5f27aa 3 52 0
2x2-1/5f27aa 5 52 0
2x2-1/5f27aa 7 52 0
2x2-1/3f3691 9 52 0
1x1/3f3691 12 52 0
1x1/3e3c39 13 52 0
1x1/3e3c39 16 52 0
1x1/3f3691 17 52 0
1x1/3f3691 18 52 0
1x1/3f3691 19 52 0
1x1/3f3691 20 52 0
1x1/3f3691 21 52 0
1x1/0a3463 22 52 0
1x2/1b2a34 23 52 0
1x1/3f3691 24 52 0
1x1/3f3691 25 52 0
2x2-1/354e5a 26 52 1
4x10/05131d 28 52 0
1x1/3e3c39 37 52 0
1x1/3e3c39 38 52 0
2x2-1/0a1327 39 52 1
1x2/0a1327 41 52 0
3x3-268/0a1327 53 52 0
2x2-1/1b2a34 60 52 0
1x1/0a1327 62 52 0
1x1/0a1327 63 52 0
1x1/4354a3 0 53 0
1x1/3f3691 1 53 0
1x1/3f3691 2 53 0
1x1/3f3691 11 53 0
1x1/3e3c39 12 53 0
1x1/1b2a34 13 53 0
2x3-1/1b2a34 16 53 0
1x1/3f3691 18 53 0
1x1/3f3691 19 53 0
1x1/3f3691 20 53 0
1x1/354e5a 21 53 0
1x1/354e5a 22 53 0
2x10/05131d 24 53 0
1x1/4b0082 35 53 0
1x1/8320b7 36 53 0
1x1/4b0082 37 53 0
1x1/4b0082 38 53 0
2x2-1/05131d 43 53 1
1x3/1b2a34 45 53 0
1x1/184632 62 53 0
1x1/468a5f 63 53 0
4x4-2367/354e5a 0 54 0
1x1/3f3691 4 54 0
1x1/3f3691 5 54 0
1x1/3f3691 6 54 0
1x1/3f3691 7 54 0
1x1/3f3691 8 54 0
1x1/3f3691 9 54 0
1x1/3f3691 10 54 0
1x1/354e5a 11 54 0
2x2-1/1b2a34 12 54 0
4x4-2367/05131d 18 54 0
2x4/05131d 22 54 0
2x10/05131d 26 54 0
1x8/05131d 32 54 0
4x4-2367/0a1327 33 54 1
1x1/0a1327 37 54 0
1x1/05131d 38 54 0
2x2-1/0a1327 39 54 1
1x1/1b2a34 41 54 0
3x3-268/0a1327 49 54 0
1x2/0a1327 52 54 0
1x1/1b2a34 56 54 0
1x1/1b2a34 57 54 0
1x1/0a1327 58 54 0
1x1/27867e 59 54 0
1x1/237841 60 54 0
1x1/237841 61 54 0
2x6/05131d 62 54 0
2x2-1/354e5a 4 55 1
1x1/354e5a 6 55 0
1x1/354e5a 7 55 0
1x1/354e5a 8 55 0
1x1/0a3463 9 55 0
2x2-1/1b2a34 10 55 0
1x1/05131d 15 55 0
1x1/4b0082 37 55 0
1x1/4b0082 38 55 0
1x5/05131d 41 55 0
2x3-1/05131d 43 55 0
1x1/0a1327 53 55 0
1x1/0a1327 54 55 0
1x1/184632 55 55 0
1x1/27867e 56 55 0
1x1/237841 57 55 0
1x1/237841 58 55 0
3x3-268/05131d 59 55 0
1x1/0a3463 6 56 0
2x6/05131d 7 56 0
1x1/1b2a34 9 56 0
1x1/354e5a 12 56 0
4x4-2367/05131d 13 56 0
1x2/05131d 17 56 0
4x4-2367/05131d 37 56 0
1x3/05131d 45 56 0
1x2/184632 52 56 0
1x1/237841 53 56 0
1x1/3cb371 54 56 0
1x1/237841 55 56 0
3x3-268/05131d 56 56 0
3x3-268/05131d 4 57 0
4x6/05131d 9 57 0
1x1/05131d 46 57 0
1x1/05131d 47 57 0
1x1/05131d 48 57 0
1x2/184632 49 57 0
1x1/3cb371 50 57 0
1x1/237841 51 57 0
2x2-1/05131d 53 57 0
1x1/05131d 55 57 0
2x6/184632 0 58 0
2x2-1/184632 2 58 1
1x1/184632 17 58 0
4x4-2367/05131d 18 58 0
2x2-1/05131d 22 58 1
3x3-268/05131d 33 58 0
1x3/05131d 36 58 0
1x1/05131d 43 58 0
1x1/05131d 44 58 0
1x1/237841 46 58 0
1x1/237841 47 58 0
1x1/237841 48 58 0
2x2-1/05131d 50 58 0
1x2/05131d 52 58 0
1x1/05131d 55 58 0
2x2-1/05131d 59 58 0
1x2/05131d 61 58 0
1x5/05131d 17 59 0
1x2/184632 42 59 0
1x1/237841 43 59 0
1x1/237841 44 59 0
1x1/237841 45 59 0
2x2-1/05131d 46 59 0
2x2-1/05131d 48 59 0
1x1/1b2a34 53 59 0
1x5/4b0082 54 59 0
1x1/1b2a34 55 59 0
3x3-268/05131d 56 59 0
1x1/008e3c 2 60 0
1x1/3cb371 3 60 0
1x1/184632 4 60 0
2x2-1/05131d 5 60 1
4x4-2367/05131d 13 60 0
2x4/05131d 22 60 0
1x1/05131d 37 60 0
1x1/05131d 38 60 0
1x1/05131d 39 60 0
1x1/3cb371 40 60 0
1x1/008e3c 41 60 0
3x3-268/05131d 43 60 0
4x4-2367/4b0082 50 60 0
1x1/4b0082 55 60 0
1x1/05131d 59 60 0
1x1/0a3463 60 60 0
1x1/0a3463 61 60 0
1x1/1b2a34 62 60 0
1x1/1b2a34 63 60 0
3x3-268/184632 2 61 0
1x1/05131d 33 61 0
1x1/05131d 34 61 0
1x1/05131d 35 61 0
1x1/237841 36 61 0
1x1/468a5f 37 61 0
1x1/237841 38 61 0
3x3-268/05131d 39 61 0
1x1/05131d 42 61 0
1x1/0a1327 46 61 0
3x3-268/4b0082 47 61 0
1x1/4b0082 55 61 0
1x1/05131d 59 61 0
1x1/4b0082 60 61 0
1x1/0a3463 61 61 0
1x1/1b2a34 62 61 0
1x1/1b2a34 63 61 0
1x1/008e3c 5 62 0
1x1/3cb371 6 62 0
2x2-1/05131d 7 62 1
2x2-1/05131d 18 62 0
2x2-1/05131d 20 62 0
2x2-1/05131d 28 62 0
1x1/05131d 30 62 0
1x1/05131d 31 62 0
1x2/184632 32 62 0
1x1/237841 33 62 0
1x1/237841 34 62 0
1x1/237841 35 62 0
2x2-1/05131d 36 62 0
1x1/05131d 38 62 0
1x1/05131d 42 62 0
1x1/4b0082 46 62 0
1x1/4b0082 55 62 0
2x2-1/05131d 56 62 1
2x2-1/05131d 58 62 0
1x1/4b0082 60 62 0
1x1/0a3463 61 62 0
1x1/1b2a34 62 62 0
1x1/1b2a34 63 62 0
1x1/184632 5 63 0
1x1/1e601e 6 63 0
1x1/05131d 9 63 0
1x1/05131d 10 63 0
1x1/05131d 11 63 0
1x1/05131d 12 63 0
1x1/05131d 24 63 0
1x1/05131d 25 63 0
1x1/237841 30 63 0
1x1/4b9f4a 31 63 0
1x1/05131d 33 63 0
1x1/05131d 34 63 0
1x1/05131d 35 63 0
1x1/05131d 38 63 0
1x1/0a1327 42 63 0
1x1/0a1327 43 63 0
1x1/0a1327 44 63 0
1x1/0a1327 45 63 0
1x1/4b0082 46 63 0
1x1/4b0082 55 63 0
1x1/4b0082 60 63 0
1x1/0a3463 61 63 0
1x1/0a3463 62 63 0
1x1/1b2a34 63 63 0
