652 29.65 190510 128
1x12/ffffff 0 0 1
1x12/ffffff 12 0 1
4x12/ffffff 24 0 1
4x12/ffffff 36 0 1
4x6/ffffff 48 0 1
1x10/ffffff 54 0 1
3x3-268/ffffff 0 1 0
1x1/e0e0e0 3 1 0
1x2/fcfcfc 4 1 1
1x1/f2f3f2 6 1 0
1x2/ffffff 7 1 1
1x1/f4f4f4 9 1 0
1x1/f2f3f2 10 1 0
1x1/d9d9d9 11 1 0
1x1/fcfcfc 12 1 0
1x10/ffffff 13 1 1
1x3/ffffff 23 1 0
1x3/ffffff 54 1 0
1x2/ffffff 55 1 1
1x1/9fc3e9 57 1 0
1x1/bd7d85 58 1 0
1x1/f6b7bf 59 1 0
1x1/fcfcfc 60 1 0
1x3/ffffff 61 1 1
1x1/5c5030 3 2 0
1x1/cca373 4 2 0
1x1/907450 5 2 0
1x1/b31004 6 2 0
1x1/583927 7 2 0
1x1/b46a00 8 2 0
1x1/6a7944 9 2 0
1x1/b46a00 10 2 0
1x2/0a3463 11 2 1
1x1/0d4763 13 2 0
1x1/354e5a 14 2 0
1x1/b3d7d1 15 2 0
1x1/fcfcfc 16 2 0
2x6/ffffff 17 2 1
1x1/fcfcfc 55 2 0
1x1/cfe2f7 56 2 0
1x1/0055bf 57 2 0
1x1/6074a1 58 2 0
1x1/f2f3f2 59 2 0
1x2/ffffff 60 2 0
1x1/d4d5c9 61 2 0
1x1/e6e3e0 62 2 0
1x1/d4d5c9 63 2 0
1x1/f4f4f4 3 3 0
1x2/ffffff 4 3 1
1x1/e6e3e0 6 3 0
1x1/ffffff 7 3 0
1x3/fcfcfc 8 3 0
1x1/ffffff 9 3 0
1x3/fcfcfc 10 3 0
1x6/ffffff 11 3 1
1x4/ffffff 55 3 0
1x1/ffffff 56 3 0
1x1/c1dff0 57 3 0
1x1/cfe2f7 58 3 0
1x1/ffffff 59 3 0
1x3/ffffff 61 3 1
2x8/fcfcfc 0 4 1
1x2/fcfcfc 9 4 0
2x4/fcfcfc 11 4 1
1x2/fcfcfc 15 4 0
1x1/fcfcfc 16 4 0
1x10/d4d5c9 17 4 1
1x1/e6e3e0 27 4 0
2x14/fcfcfc 28 4 1
1x2/fcfcfc 42 4 0
1x1/fcfcfc 43 4 0
1x10/f6b7bf 44 4 1
1x1/f6b7bf 54 4 0
2x8/fcfcfc 56 4 1
1x1/f2f3f2 16 5 0
1x1/575857 17 5 0
1x1/616161 18 5 0
1x1/898788 19 5 0
1x1/737271 20 5 0
1x1/898788 21 5 0
1x1/737271 22 5 0
1x3/898788 23 5 1
1x1/737271 26 5 0
1x1/abadac 27 5 0
1x2/ffffff 43 5 0
1x1/c01111 44 5 0
1x1/ee5434 45 5 0
1x8/ce3021 46 5 1
1x1/ce3021 54 5 0
16x16/ffffff 0 6 0
1x2/fcfcfc 16 6 0
1x1/a0a5a9 17 6 0
1x1/abadac 18 6 0
1x2/a0a5a9 19 6 1
1x1/9ba19d 21 6 0
1x5/a0a5a9 22 6 1
1x1/d9d9d9 27 6 0
1x2/fcfcfc 28 6 0
1x12/ffffff 29 6 1
1x2/ffffff 41 6 1
1x10/d67572 44 6 1
1x1/fc97ac 54 6 0
6x24/ffffff 56 6 0
2x16/ffffff 62 6 0
1x1/fcfcfc 17 7 0
1x8/f4f4f4 18 7 1
1x1/f4f4f4 26 7 0
1x1/fcfcfc 27 7 0
1x12/fcfcfc 29 7 1
1x3/fcfcfc 41 7 1
1x10/f4f4f4 44 7 1
1x2/fcfcfc 54 7 1
1x12/f2f3f2 16 8 0
2x16/ffffff 17 8 1
8x8/ffffff 33 8 0
2x6/ffffff 41 8 0
1x10/ffffff 43 8 1
1x4/ffffff 53 8 0
1x12/f4f4f4 54 8 0
1x12/fcfcfc 55 8 0
1x3/ffffff 43 9 0
1x2/fcfcfc 44 9 0
1x1/fcfcfc 45 9 0
1x1/ffffff 46 9 0
1x2/fcfcfc 47 9 0
1x1/f4f4f4 48 9 0
1x4/fcfcfc 49 9 1
1x12/ffffff 17 10 0
1x1/fcfcfc 18 10 0
1x1/6c96bf 19 10 0
1x1/898788 20 10 0
1x1/d4d5c9 21 10 0
1x1/872b17 22 10 0
1x1/958a73 23 10 0
1x1/b46a00 24 10 0
1x1/9b9a5a 25 10 0
1x1/907450 26 10 0
1x1/6a7944 27 10 0
1x1/354e5a 28 10 0
1x1/6e8aa6 29 10 0
1x2/7988a1 30 10 1
1x8/ffffff 32 10 0
1x1/f4f4f4 45 10 0
1x1/f2f3f2 46 10 0
1x1/fcfcfc 48 10 0
1x1/f2f3f2 49 10 0
1x1/e6e3e0 50 10 0
1x1/f2f3f2 51 10 0
1x2/ffffff 52 10 0
1x2/ffffff 18 11 0
1x1/fcfcfc 19 11 0
1x1/dec69c 20 11 0
1x2/fcfcfc 21 11 1
1x1/bd7d85 23 11 0
1x1/e6e3da 24 11 0
1x1/f4f4f4 25 11 0
1x2/e6e3e0 26 11 1
1x1/f2f3f2 28 11 0
1x1/e6e3e0 29 11 0
1x1/f2f3f2 30 11 0
1x1/e0e0e0 31 11 0
1x8/ffffff 44 11 1
1x6/ffffff 19 12 1
1x2/fcfcfc 25 12 1
1x4/ffffff 27 12 0
1x3/fcfcfc 28 12 1
1x6/ffffff 31 12 0
1x4/f2f3f2 43 12 1
1x1/fcfcfc 47 12 0
1x4/d9d9d9 48 12 1
1x1/e0e0e0 52 12 0
1x1/fcfcfc 53 12 0
1x2/fcfcfc 18 13 0
1x1/d4d5c9 19 13 0
1x1/e0e0e0 20 13 0
1x2/d9d9d9 21 13 0
1x1/e0e0e0 22 13 0
1x4/ffffff 23 13 1
3x3-268/ffffff 28 13 0
1x2/ffffff 43 13 1
1x1/f4f4f4 45 13 0
1x1/f2f3f2 46 13 0
2x10/ffffff 47 13 0
1x1/e6e3e0 49 13 0
1x1/d9d9d9 50 13 0
1x1/e6e3e0 51 13 0
1x1/f2f3f2 52 13 0
1x12/ffffff 53 13 0
1x1/e0e0e0 19 14 0
1x1/d4d5c9 20 14 0
1x1/d9d9d9 22 14 0
1x1/d4d5c9 23 14 0
1x1/e6e3e0 24 14 0
1x2/ffffff 25 14 1
1x1/fcfcfc 41 14 0
1x2/f2f3f2 42 14 1
1x2/ffffff 44 14 1
1x2/fcfcfc 46 14 0
2x10/ffffff 49 14 0
1x10/ffffff 51 14 0
1x1/e6e3e0 52 14 0
1x1/ffffff 18 15 0
1x1/e6e3e0 19 15 0
1x2/f2f3f2 20 15 0
1x1/f2f3f2 21 15 0
1x2/e6e3e0 22 15 1
1x1/f2f3f2 24 15 0
1x1/f4f4f4 25 15 0
1x1/ffffff 26 15 0
1x10/ffffff 41 15 0
1x4/fcfcfc 42 15 1
1x1/fcfcfc 52 15 0
1x1/fcfcfc 18 16 0
1x1/d9d9d9 19 16 0
1x1/e6e3e0 21 16 0
1x1/d9d9d9 22 16 0
1x1/f2f3f2 23 16 0
1x1/e6e3e0 24 16 0
1x1/e0e0e0 25 16 0
1x2/fcfcfc 26 16 1
2x3-1/ffffff 28 16 1
2x8/ffffff 33 16 1
1x5/ffffff 42 16 1
1x10/ffffff 52 16 0
1x1/ffffff 18 17 0
1x4/fcfcfc 19 17 1
1x1/ffffff 23 17 0
2x4/fcfcfc 24 17 0
1x2/ffffff 26 17 1
1x1/fcfcfc 42 17 0
4x6/ffffff 43 17 0
1x5/f4f4f4 18 18 0
1x1/f4f4f4 19 18 0
1x4/fcfcfc 20 18 1
2x12/fcfcfc 26 18 1
2x8/ffffff 38 18 0
1x6/ffffff 40 18 0
1x6/ffffff 42 18 0
1x2/e6e3e0 19 19 1
1x1/e0e0e0 21 19 0
1x1/e6e3e0 22 19 0
1x1/f4f4f4 23 19 0
1x12/f2f3f2 16 20 0
1x1/d9d9d9 19 20 0
1x1/adc3c0 20 20 0
1x1/d4d5c9 21 20 0
1x1/f2f3f2 22 20 0
1x1/fcfcfc 23 20 0
1x3/fcfcfc 26 20 1
1x2/f4f4f4 29 20 0
2x8/fcfcfc 30 20 1
1x12/f4f4f4 54 20 0
1x12/fcfcfc 55 20 0
1x2/e6e3e0 19 21 0
1x1/e0e0e0 20 21 0
1x1/fcfcfc 21 21 0
1x1/f4f4f4 22 21 0
1x2/e6e3e0 23 21 0
1x1/e6e3e0 24 21 0
1x1/f4f4f4 25 21 0
1x1/d9d9d9 26 21 0
1x1/e6e3e0 27 21 0
1x1/f2f3f2 28 21 0
8x16/ffffff 0 22 1
1x12/ffffff 17 22 0
1x1/f2f3f2 20 22 0
1x1/e6e3e0 21 22 0
1x1/f2f3f2 22 22 0
1x1/f2f3f2 24 22 0
1x1/e0e0e0 25 22 0
1x1/e6e3e0 26 22 0
1x1/f4f4f4 27 22 0
1x1/e0e0e0 28 22 0
1x1/f2f3f2 29 22 0
1x1/f4f4f4 30 22 0
1x6/fcfcfc 31 22 1
1x3/fcfcfc 37 22 0
2x16/ffffff 62 22 0
1x1/f2f3f2 18 23 0
1x1/e0e0e0 19 23 0
1x1/d4d5c9 20 23 0
1x1/d9d9d9 21 23 0
1x1/d4d5c9 22 23 0
1x1/d9d9d9 23 23 0
1x1/d4d5c9 24 23 0
1x1/e6e3e0 25 23 0
1x1/d9d9d9 26 23 0
1x2/d4d5c9 27 23 1
1x1/d9d9d9 29 23 0
1x1/e6e3e0 30 23 0
1x4/f4f4f4 31 23 1
1x1/fcfcfc 35 23 0
1x1/f4f4f4 36 23 0
1x6/ffffff 43 23 1
1x2/ffffff 18 24 0
1x12/fcfcfc 19 24 1
1x4/fcfcfc 31 24 1
1x2/ffffff 35 24 0
1x1/fcfcfc 36 24 0
1x1/fcfcfc 40 24 0
1x3/fcfcfc 42 24 1
2x2-1/ffffff 45 24 0
1x1/fcfcfc 47 24 0
1x2/ffffff 48 24 0
1x3/fcfcfc 49 24 1
1x12/ffffff 19 25 1
1x4/ffffff 31 25 1
1x2/ffffff 36 25 1
1x5/ffffff 40 25 1
1x1/ffffff 47 25 0
1x3/ffffff 49 25 1
1x12/ffffff 53 25 0
1x2/f4f4f4 18 26 0
1x2/3e3c39 19 26 0
1x3/4d4c52 20 26 1
1x12/3e3c39 23 26 1
1x2/4d4c52 35 26 0
1x1/4d4c52 36 26 0
1x3/3e3c39 37 26 1
1x2/4d4c52 40 26 1
1x1/3e3c39 42 26 0
1x1/4d4c52 43 26 0
1x1/3e3c39 44 26 0
1x2/4d4c52 45 26 0
1x2/3e3c39 46 26 0
1x2/4d4c52 47 26 0
1x2/3e3c39 48 26 1
1x2/4d4c52 50 26 0
1x2/3e3c39 51 26 0
1x1/5e5e5e 52 26 0
1x1/3e3c39 20 27 0
1x1/575857 21 27 0
1x1/4d4c52 22 27 0
1x1/3e3c39 23 27 0
1x10/1b2a34 24 27 1
1x1/1b2a34 34 27 0
1x1/3e3c39 36 27 0
1x1/1b2a34 37 27 0
1x4/3e3c39 38 27 1
1x1/1b2a34 42 27 0
1x1/3e3c39 43 27 0
1x1/4d4c52 44 27 0
1x2/1b2a34 48 27 1
1x1/4d4c52 52 27 0
1x12/ffffff 18 28 1
1x12/ffffff 30 28 1
1x10/ffffff 42 28 1
1x1/ffffff 52 28 0
1x3/ffffff 18 29 0
1x2/bdc6ad 19 29 1
1x1/9c9c9c 21 29 0
1x1/d9d9d9 22 29 0
1x1/d4d5c9 23 29 0
1x3/abadac 24 29 1
1x1/e6e3e0 27 29 0
1x6/ffffff 28 29 1
1x1/fcfcfc 34 29 0
1x1/f4f4f4 35 29 0
1x1/d4d5c9 36 29 0
2x4/ffffff 37 29 1
1x2/ffffff 41 29 0
1x1/f4f4f4 42 29 0
2x3-1/ffffff 43 29 1
1x1/d9d9d9 46 29 0
1x1/e0e0e0 47 29 0
1x1/f4f4f4 48 29 0
1x1/fcfcfc 49 29 0
1x1/d9d9d9 50 29 0
1x1/e0e0e0 51 29 0
1x1/f4f4f4 52 29 0
4x12/ffffff 0 30 1
4x12/ffffff 12 30 0
1x1/f4f4f4 19 30 0
2x4/fcfcfc 20 30 0
1x2/f4f4f4 22 30 1
1x4/fcfcfc 24 30 0
1x1/ffffff 25 30 0
1x4/fcfcfc 26 30 0
1x5/f2f3f2 27 30 1
1x4/fcfcfc 32 30 0
1x4/ffffff 33 30 1
1x1/ffffff 42 30 0
1x6/ffffff 46 30 1
1x1/ffffff 52 30 0
6x24/ffffff 56 30 0
1x3/fcfcfc 19 31 0
2x3-1/fcfcfc 22 31 0
1x3/fcfcfc 25 31 0
3x3-268/fcfcfc 27 31 0
2x3-1/fcfcfc 30 31 0
1x12/fcfcfc 33 31 1
2x3-1/fcfcfc 45 31 0
1x1/ffffff 47 31 0
1x3/fcfcfc 48 31 1
1x1/ffffff 51 31 0
1x3/fcfcfc 52 31 0
1x12/f2f3f2 16 32 0
1x2/fcfcfc 18 32 0
2x3-1/fcfcfc 33 32 1
1x1/f2f3f2 36 32 0
1x1/e0e0e0 37 32 0
1x1/e6e3e0 38 32 0
1x2/e0e0e0 39 32 1
1x1/d9d9d9 41 32 0
1x1/f4f4f4 42 32 0
2x2-1/fcfcfc 43 32 0
1x1/d4d5c9 47 32 0
1x1/f2f3f2 48 32 0
1x2/fcfcfc 49 32 0
1x1/e0e0e0 50 32 0
1x1/d9d9d9 51 32 0
1x12/f4f4f4 54 32 0
1x12/fcfcfc 55 32 0
1x1/f4f4f4 36 33 0
1x6/fcfcfc 37 33 1
1x2/fcfcfc 47 33 1
1x2/fcfcfc 50 33 0
1x1/fcfcfc 51 33 0
1x12/ffffff 0 34 0
1x1/fcfcfc 1 34 0
6x24/ffffff 2 34 0
4x12/ffffff 8 34 0
1x12/ffffff 17 34 0
1x12/ffffff 18 34 1
1x12/ffffff 30 34 1
1x8/ffffff 42 34 1
1x2/ffffff 51 34 1
1x12/ffffff 1 35 0
1x5/fcfcfc 18 35 0
1x1/f4f4f4 19 35 0
1x2/fcfcfc 20 35 1
1x1/f4f4f4 22 35 0
1x8/fcfcfc 23 35 1
1x1/f4f4f4 31 35 0
2x4/fcfcfc 32 35 1
1x8/ffffff 36 35 0
1x6/fcfcfc 37 35 1
2x6/ffffff 43 35 1
1x3/ffffff 49 35 0
1x1/f2f3f2 50 35 0
1x1/f4f4f4 51 35 0
1x2/fcfcfc 52 35 0
1x1/d9d9d9 19 36 0
1x1/d4d5c9 20 36 0
1x1/adc3c0 21 36 0
1x1/d9d9d9 22 36 0
1x1/adc3c0 23 36 0
1x1/c9cae2 24 36 0
1x6/fcfcfc 25 36 1
1x1/fcfcfc 31 36 0
1x1/ffffff 37 36 0
1x5/fcfcfc 38 36 1
1x2/f4f4f4 50 36 0
1x1/fcfcfc 51 36 0
1x6/f2f3f2 19 37 1
1x1/f2f3f2 25 37 0
1x2/e6e3e0 26 37 1
1x1/f4f4f4 28 37 0
1x2/e0e0e0 29 37 0
1x2/e6e3e0 30 37 1
1x2/e0e0e0 32 37 1
2x3-1/fcfcfc 34 37 0
1x2/f2f3f2 37 37 1
1x1/e6e3e0 39 37 0
1x2/f2f3f2 40 37 0
1x1/e6e3e0 41 37 0
1x1/f2f3f2 42 37 0
1x2/ffffff 43 37 1
1x1/fcfcfc 45 37 0
1x2/ffffff 46 37 1
1x1/fcfcfc 48 37 0
1x1/d9d9d9 51 37 0
1x2/f2f3f2 52 37 0
1x12/ffffff 53 37 0
1x4/d9d9d9 19 38 1
1x1/e0e0e0 23 38 0
1x1/e6e3e0 24 38 0
1x1/e0e0e0 25 38 0
1x3/d9d9d9 26 38 1
1x2/f2f3f2 30 38 0
2x3-1/fcfcfc 31 38 1
1x1/f4f4f4 37 38 0
1x2/f2f3f2 38 38 1
1x1/f2f3f2 41 38 0
1x8/e6e3e0 42 38 1
1x1/e6e3e0 50 38 0
1x1/f2f3f2 51 38 0
2x16/ffffff 62 38 0
1x2/f2f3f2 19 39 1
1x1/e0e0e0 21 39 0
1x6/f2f3f2 22 39 1
1x1/f4f4f4 28 39 0
1x1/f2f3f2 29 39 0
1x12/ffffff 37 39 1
1x4/ffffff 49 39 1
8x16/ffffff 18 40 1
2x8/ffffff 34 40 0
1x1/fcfcfc 37 40 0
1x3/f2f3f2 38 40 0
1x1/f4f4f4 39 40 0
1x3/f2f3f2 40 40 0
1x1/f4f4f4 41 40 0
2x8/ffffff 42 40 1
1x1/f2f3f2 50 40 0
1x1/e6e3e0 51 40 0
1x1/f4f4f4 52 40 0
1x2/f4f4f4 37 41 0
1x1/e6e3e0 39 41 0
1x1/ffffff 41 41 0
1x2/e0e0e0 50 41 1
1x2/f2f3f2 52 41 0
4x12/ffffff 12 42 0
1x1/f2f3f2 39 42 0
1x10/f2f3f2 41 42 1
1x1/f2f3f2 51 42 0
1x1/fcfcfc 36 43 0
1x1/fecccf 37 43 0
1x2/f6b7bf 38 43 1
1x1/fecccf 40 43 0
1x1/f6b7bf 41 43 0
1x1/e6e3e0 42 43 0
1x1/f6b7bf 43 43 0
1x1/e4adc8 44 43 0
1x2/fcfcfc 45 43 0
1x1/f2f3f2 46 43 0
1x1/f4f4f4 47 43 0
1x2/f2f3f2 48 43 1
1x2/fc97ac 50 43 1
1x1/f6b7bf 52 43 0
1x12/f2f3f2 16 44 0
2x4/ffffff 36 44 0
1x3/fcfcfc 38 44 1
1x1/f4f4f4 41 44 0
1x3/fcfcfc 42 44 1
1x6/fcfcfc 46 44 1
1x1/fcfcfc 52 44 0
1x12/f4f4f4 54 44 0
1x12/fcfcfc 55 44 0
2x14/ffffff 38 45 1
1x3/ffffff 52 45 0
1x12/ffffff 0 46 0
4x12/ffffff 8 46 0
1x12/ffffff 17 46 0
1x12/ffffff 1 47 0
1x12/ffffff 38 47 1
1x2/ffffff 50 47 1
1x10/ffffff 18 48 0
1x12/fcfcfc 19 48 1
1x12/fcfcfc 31 48 1
1x10/fcfcfc 43 48 1
8x11/ffffff 19 49 1
1x12/ffffff 30 49 1
8x11/ffffff 42 49 1
1x10/ffffff 53 49 0
1x10/ffffff 30 50 0
1x1/ffffff 31 50 0
1x2/e6e3e0 32 50 1
1x2/f2f3f2 34 50 1
1x1/f4f4f4 36 50 0
1x2/e6e3e0 37 50 1
1x1/fcfcfc 39 50 0
1x2/ffffff 40 50 1
1x3/f2f3f2 31 51 1
1x1/f4f4f4 34 51 0
1x4/f2f3f2 35 51 1
1x1/e6e3e0 39 51 0
1x2/fcfcfc 40 51 1
6x10/ffffff 31 52 1
1x6/ffffff 41 52 0
4x4-2367/ffffff 12 54 0
6x8/ffffff 56 54 1
1x5/f2f3f2 16 56 0
1x4/f4f4f4 54 56 0
1x4/fcfcfc 55 56 0
2x10/ffffff 19 57 1
1x2/ffffff 29 57 0
2x10/ffffff 42 57 1
1x3/ffffff 52 57 0
1x2/ffffff 0 58 0
1x12/ffffff 2 58 1
1x2/ffffff 14 58 0
1x1/ffffff 15 58 0
1x2/ffffff 17 58 0
1x1/ffffff 18 58 0
1x10/ffffff 31 58 1
1x1/ffffff 41 58 0
2x2-1/fcfcfc 1 59 0
1x1/ffffff 3 59 0
1x2/fcfcfc 4 59 0
1x1/ffffff 5 59 0
1x2/fcfcfc 6 59 0
1x1/ffffff 7 59 0
2x4/fcfcfc 8 59 1
1x1/ffffff 12 59 0
1x2/fcfcfc 13 59 0
1x2/fcfcfc 15 59 0
2x10/fcfcfc 18 59 1
1x1/ffffff 28 59 0
1x2/fcfcfc 29 59 0
2x6/fcfcfc 31 59 1
1x2/fcfcfc 37 59 0
1x1/ffffff 38 59 0
2x8/fcfcfc 39 59 1
1x2/fcfcfc 47 59 0
1x1/ffffff 48 59 0
2x3-1/fcfcfc 49 59 1
1x1/ffffff 53 59 0
1x1/fcfcfc 0 60 0
1x1/fcfcfc 3 60 0
1x1/fcfcfc 5 60 0
1x1/fcfcfc 7 60 0
1x1/fcfcfc 12 60 0
1x1/fcfcfc 14 60 0
1x1/fcfcfc 17 60 0
1x1/fcfcfc 28 60 0
1x1/fcfcfc 30 60 0
1x1/fcfcfc 38 60 0
1x1/fcfcfc 48 60 0
1x2/fcfcfc 52 60 1
1x1/f2f3f2 54 60 0
1x1/f4f4f4 55 60 0
1x8/fcfcfc 56 60 1
2x6/0055bf 0 61 1
1x10/0055bf 6 61 1
1x1/0055bf 16 61 0
1x12/0059a3 17 61 1
1x12/0059a3 29 61 1
1x12/0059a3 41 61 1
1x2/0059a3 53 61 1
3x3-268/0055bf 55 61 0
2x3-1/0055bf 58 61 0
1x4/0055bf 60 61 1
1x2/0055bf 6 62 0
1x6/0059a3 7 62 1
1x1/0059a3 13 62 0
1x1/0055bf 14 62 0
1x6/0059a3 15 62 1
2x16/0055bf 21 62 1
2x16/0055bf 37 62 1
2x2-1/0055bf 53 62 0
1x4/0059a3 60 62 1
1x6/0055bf 0 63 1
1x3/0055bf 7 63 1
1x1/0059a3 10 63 0
1x3/0055bf 11 63 1
1x1/0057a6 14 63 0
1x1/0055bf 15 63 0
1x1/0059a3 16 63 0
1x2/0057a6 17 63 1
1x1/0055bf 19 63 0
1x1/0057a6 20 63 0
1x4/0055bf 60 63 1
