2294 31.70 5180714 1060
2x6/237841 0 0 0
2x10/05131d 2 0 0
1x1/1b2a34 4 0 0
1x1/237841 5 0 0
1x1/05131d 6 0 0
3x3-268/05131d 7 0 0
6x8/05131d 10 0 0
1x1/05131d 16 0 0
1x1/1b2a34 17 0 0
1x12/05131d 18 0 0
1x1/05131d 19 0 0
1x1/05131d 20 0 0
1x1/05131d 21 0 0
1x12/05131d 22 0 0
4x6/595d60 23 0 0
1x8/1b2a34 27 0 0
4x4-2367/05131d 28 0 0
1x1/1b2a34 32 0 0
1x1/1b2a34 33 0 0
1x1/1b2a34 34 0 0
1x1/1b2a34 35 0 0
1x1/1b2a34 36 0 0
1x1/1b2a34 37 0 0
4x4-2367/237841 38 0 0
4x4-2367/237841 42 0 0
4x4-2367/184632 46 0 0
3x3-268/237841 50 0 0
3x3-268/237841 53 0 0
1x1/008e3c 56 0 0
1x1/008e3c 57 0 0
1x1/3fb69e 58 0 0
1x1/3cb371 59 0 0
1x1/3cb371 60 0 0
1x1/008e3c 61 0 0
2x12/008e3c 62 0 0
1x1/05131d 4 1 0
1x1/05131d 5 1 0
1x1/05131d 6 1 0
1x1/05131d 16 1 0
1x1/0a3463 17 1 0
1x1/1b2a34 19 1 0
1x1/575857 20 1 0
1x1/1b2a34 21 1 0
1x1/05131d 32 1 0
3x3-268/05131d 33 1 0
2x16/05131d 36 1 0
1x1/008e3c 56 1 0
1x1/3cb371 57 1 0
1x1/3fb69e 58 1 0
1x1/3cb371 59 1 0
1x1/3cb371 60 1 0
1x1/008e3c 61 1 0
1x1/05131d 4 2 0
1x1/05131d 5 2 0
1x1/05131d 6 2 0
1x1/05131d 16 2 0
1x1/3f3691 17 2 0
1x1/1b2a34 19 2 0
1x1/237841 20 2 0
1x1/1b2a34 21 2 0
1x1/05131d 32 2 0
1x1/008e3c 56 2 0
1x1/3cb371 57 2 0
1x1/3fb69e 58 2 0
1x1/3cb371 59 2 0
1x1/3cb371 60 2 0
1x1/008e3c 61 2 0
1x1/05131d 4 3 0
1x1/05131d 5 3 0
1x1/27867e 6 3 0
1x1/0a3463 7 3 0
2x6/05131d 8 3 0
1x1/05131d 16 3 0
1x1/3f3691 17 3 0
1x1/1b2a34 19 3 0
1x1/583927 20 3 0
1x1/1b2a34 21 3 0
1x1/05131d 32 3 0
1x1/05131d 50 3 0
1x1/237841 51 3 0
1x1/237841 52 3 0
1x1/237841 53 3 0
1x1/008e3c 54 3 0
1x1/008e3c 55 3 0
1x1/008e3c 56 3 0
1x1/3cb371 57 3 0
1x1/73dca1 58 3 0
1x1/3cb371 59 3 0
1x1/3cb371 60 3 0
1x1/008e3c 61 3 0
1x1/05131d 4 4 0
1x1/595d60 5 4 0
1x1/27867e 6 4 0
1x1/05131d 7 4 0
1x1/05131d 16 4 0
1x8/05131d 17 4 0
1x1/575857 19 4 0
1x1/583927 20 4 0
1x1/1b2a34 21 4 0
2x6/05131d 28 4 0
2x6/05131d 30 4 0
1x1/05131d 32 4 0
1x1/1b2a34 33 4 0
2x4/05131d 34 4 0
2x4/237841 38 4 0
1x1/1b2a34 40 4 0
1x1/1b2a34 41 4 0
1x1/05131d 42 4 0
1x10/05131d 43 4 0
1x1/1b2a34 44 4 0
1x1/1b2a34 45 4 0
1x1/1b2a34 46 4 0
6x8/05131d 47 4 0
1x8/05131d 53 4 0
1x8/1b2a34 54 4 0
1x1/1b2a34 55 4 0
1x1/237841 56 4 0
1x1/3cb371 57 4 0
1x1/73dca1 58 4 0
1x1/3cb371 59 4 0
1x1/3cb371 60 4 0
1x1/008e3c 61 4 0
3x3-268/05131d 4 5 0
1x10/05131d 7 5 0
1x1/6c6e68 16 5 0
3x3-268/05131d 19 5 0
1x1/05131d 32 5 0
1x12/05131d 33 5 0
1x8/05131d 40 5 0
1x1/1b2a34 41 5 0
1x1/05131d 42 5 0
3x3-268/05131d 44 5 0
3x3-268/05131d 55 5 0
2x4/1b2a34 58 5 0
1x1/237841 60 5 0
1x1/008e3c 61 5 0
2x4/237841 0 6 0
1x1/575857 16 6 0
1x10/4354a3 23 6 0
2x6/4354a3 24 6 0
1x1/4354a3 26 6 0
1x1/05131d 32 6 0
2x6/05131d 41 6 0
1x1/05131d 60 6 0
1x1/008e3c 61 6 0
1x1/05131d 16 7 0
1x1/4354a3 26 7 0
1x1/05131d 32 7 0
1x1/008e3c 60 7 0
1x1/008e3c 61 7 0
1x1/05131d 4 8 0
1x1/583927 5 8 0
1x1/583927 6 8 0
1x1/583927 10 8 0
1x8/05131d 11 8 0
1x1/05131d 12 8 0
3x3-268/05131d 13 8 0
1x1/05131d 16 8 0
1x1/05131d 19 8 0
2x8/05131d 20 8 0
1x1/4354a3 26 8 0
1x1/3f3691 27 8 0
1x1/1b2a34 32 8 0
2x8/05131d 34 8 0
1x1/237841 38 8 0
1x1/237841 39 8 0
2x4/05131d 44 8 0
1x1/05131d 46 8 0
1x1/05131d 55 8 0
1x1/05131d 56 8 0
1x1/05131d 57 8 0
1x1/3cb371 60 8 0
1x1/008e3c 61 8 0
1x1/583927 4 9 0
1x1/583927 5 9 0
1x1/583927 6 9 0
1x1/05131d 8 9 0
1x1/1b2a34 9 9 0
1x1/05131d 10 9 0
1x1/05131d 12 9 0
1x8/05131d 16 9 0
1x1/05131d 19 9 0
1x1/4354a3 26 9 0
1x1/3f3691 27 9 0
1x8/05131d 32 9 0
1x1/237841 38 9 0
1x1/05131d 39 9 0
1x1/05131d 46 9 0
2x4/05131d 55 9 0
2x4/05131d 57 9 0
1x1/237841 59 9 0
1x1/008e3c 60 9 0
1x1/008e3c 61 9 0
1x1/008e3c 0 10 0
1x1/008e3c 1 10 0
2x4/05131d 2 10 0
1x1/583927 4 10 0
1x1/583927 5 10 0
1x1/583927 6 10 0
1x1/05131d 8 10 0
2x6/05131d 9 10 0
1x1/05131d 12 10 0
1x1/583927 19 10 0
1x1/4354a3 26 10 0
1x1/3f3691 27 10 0
1x1/05131d 28 10 0
1x1/05131d 29 10 0
1x1/05131d 30 10 0
1x1/237841 31 10 0
1x1/237841 38 10 0
1x1/237841 39 10 0
1x1/05131d 46 10 0
1x1/237841 59 10 0
1x1/3cb371 60 10 0
1x1/008e3c 61 10 0
1x1/008f9b 0 11 0
1x1/008e3c 1 11 0
2x6/05131d 4 11 0
1x1/05131d 6 11 0
1x1/583927 8 11 0
1x1/583927 12 11 0
1x1/05131d 13 11 0
1x1/583927 14 11 0
1x1/05131d 15 11 0
1x1/05131d 19 11 0
1x1/4354a3 26 11 0
1x1/3f3691 27 11 0
1x1/05131d 28 11 0
1x1/0a3463 29 11 0
1x1/27867e 30 11 0
1x1/237841 31 11 0
1x1/27867e 38 11 0
1x1/05131d 39 11 0
1x1/05131d 46 11 0
1x1/1b2a34 59 11 0
1x1/237841 60 11 0
1x1/008e3c 61 11 0
1x1/008f9b 0 12 0
1x1/008e3c 1 12 0
1x1/05131d 6 12 0
1x1/05131d 8 12 0
1x1/923978 12 12 0
1x1/583927 13 12 0
1x1/583927 14 12 0
1x1/1b2a34 15 12 0
1x1/583927 17 12 0
1x1/05131d 18 12 0
1x1/05131d 19 12 0
1x1/05131d 22 12 0
2x6/6c96bf 24 12 0
1x1/6c96bf 26 12 0
1x1/3f3691 27 12 0
1x1/05131d 28 12 0
1x1/575857 29 12 0
1x1/1b2a34 30 12 0
1x1/05131d 31 12 0
1x1/27867e 38 12 0
1x1/27867e 39 12 0
1x1/05131d 41 12 0
1x1/05131d 42 12 0
1x1/1b2a34 44 12 0
1x1/237841 45 12 0
1x1/05131d 46 12 0
1x1/237841 47 12 0
1x1/05131d 48 12 0
1x1/05131d 49 12 0
1x1/05131d 50 12 0
1x1/05131d 51 12 0
1x1/05131d 52 12 0
1x1/05131d 53 12 0
1x1/05131d 54 12 0
1x1/05131d 59 12 0
1x1/05131d 60 12 0
1x1/237841 61 12 0
1x1/008e3c 62 12 0
1x8/008e3c 63 12 0
1x1/008f9b 0 13 0
1x1/008e3c 1 13 0
1x1/05131d 6 13 0
1x1/05131d 8 13 0
1x1/583927 12 13 0
1x1/81007b 13 13 0
1x1/81007b 14 13 0
1x1/1b2a34 15 13 0
1x1/05131d 17 13 0
1x1/583927 18 13 0
1x1/583927 19 13 0
1x1/05131d 22 13 0
1x1/55a5af 26 13 0
1x1/3f3691 27 13 0
1x1/05131d 28 13 0
1x1/05131d 29 13 0
1x1/0a3463 30 13 0
1x1/1b2a34 31 13 0
2x4/008f9b 38 13 0
1x1/27867e 40 13 0
1x1/4b9f4a 41 13 0
1x1/184632 42 13 0
1x1/1b2a34 44 13 0
1x1/05131d 45 13 0
1x1/237841 46 13 0
1x1/184632 47 13 0
1x1/237841 48 13 0
1x1/237841 49 13 0
1x1/008e3c 50 13 0
1x1/008e3c 51 13 0
1x1/237841 52 13 0
1x1/237841 53 13 0
1x1/237841 54 13 0
1x1/184632 55 13 0
1x1/1b2a34 56 13 0
1x1/1b2a34 57 13 0
1x1/237841 58 13 0
1x1/05131d 59 13 0
1x1/05131d 60 13 0
1x1/05131d 61 13 0
1x1/05131d 62 13 0
1x1/008f9b 0 14 0
1x1/008e3c 1 14 0
1x1/05131d 2 14 0
1x1/05131d 3 14 0
1x1/05131d 6 14 0
1x1/05131d 8 14 0
1x1/05131d 12 14 0
1x1/1b2a34 13 14 0
1x1/05131d 14 14 0
1x1/05131d 15 14 0
1x1/05131d 17 14 0
1x1/583927 18 14 0
1x1/05131d 19 14 0
1x1/05131d 22 14 0
1x1/55a5af 26 14 0
1x1/3f3691 27 14 0
1x1/05131d 28 14 0
1x1/05131d 29 14 0
1x1/27867e 30 14 0
1x1/05131d 31 14 0
1x1/3cb371 40 14 0
1x1/3cb371 41 14 0
1x1/3cb371 42 14 0
1x1/3cb371 43 14 0
1x1/3cb371 44 14 0
1x1/237841 45 14 0
1x1/237841 46 14 0
1x1/184632 47 14 0
1x1/3cb371 48 14 0
1x1/3cb371 49 14 0
1x1/3fb69e 50 14 0
1x1/3cb371 51 14 0
1x1/3cb371 52 14 0
1x1/237841 53 14 0
1x1/237841 54 14 0
1x1/008e3c 55 14 0
1x1/237841 56 14 0
1x1/008e3c 57 14 0
1x1/5ac4da 58 14 0
1x1/3cb371 59 14 0
1x1/3cb371 60 14 0
1x1/008e3c 61 14 0
1x1/3cb371 62 14 0
1x1/008f9b 0 15 0
1x1/008e3c 1 15 0
1x1/1b2a34 2 15 0
1x1/05131d 3 15 0
1x1/05131d 6 15 0
1x1/05131d 7 15 0
1x1/05131d 8 15 0
1x1/05131d 12 15 0
1x1/05131d 13 15 0
1x1/05131d 14 15 0
1x1/05131d 15 15 0
1x1/05131d 17 15 0
1x1/05131d 18 15 0
1x1/05131d 19 15 0
1x1/05131d 22 15 0
1x1/55a5af 26 15 0
1x1/3f3691 27 15 0
1x1/05131d 28 15 0
1x1/05131d 29 15 0
1x1/237841 30 15 0
1x1/05131d 31 15 0
1x1/008f9b 40 15 0
1x1/3cb371 41 15 0
1x1/3cb371 42 15 0
1x1/237841 43 15 0
1x1/1b2a34 44 15 0
1x1/1b2a34 45 15 0
1x1/05131d 46 15 0
1x1/3cb371 47 15 0
1x1/008e3c 48 15 0
1x1/3cb371 49 15 0
1x1/3fb69e 50 15 0
1x1/3fb69e 51 15 0
1x1/3fb69e 52 15 0
1x1/3fb69e 53 15 0
1x1/3fb69e 54 15 0
1x1/3fb69e 55 15 0
1x1/3cb371 56 15 0
1x1/3cb371 57 15 0
1x1/94e5ab 58 15 0
1x1/3cb371 59 15 0
1x1/3cb371 60 15 0
1x1/3cb371 61 15 0
1x1/008e3c 62 15 0
1x1/008f9b 0 16 0
1x1/008f9b 1 16 0
1x1/237841 2 16 0
1x1/05131d 3 16 0
1x1/05131d 6 16 0
1x1/05131d 7 16 0
1x1/05131d 8 16 0
1x1/05131d 9 16 0
1x1/05131d 10 16 0
1x1/05131d 11 16 0
1x1/05131d 12 16 0
1x1/05131d 13 16 0
1x1/05131d 14 16 0
1x1/05131d 15 16 0
1x1/05131d 17 16 0
1x1/05131d 18 16 0
1x1/05131d 19 16 0
1x1/05131d 20 16 0
1x1/05131d 21 16 0
1x1/05131d 22 16 0
1x1/3f3691 23 16 0
1x1/55a5af 26 16 0
1x1/3f3691 27 16 0
1x1/05131d 28 16 0
1x1/595d60 29 16 0
1x1/05131d 30 16 0
1x1/05131d 31 16 0
1x1/05131d 34 16 0
1x1/05131d 35 16 0
1x1/008f9b 40 16 0
1x1/3cb371 41 16 0
1x1/3cb371 42 16 0
1x1/237841 43 16 0
1x1/184632 44 16 0
1x1/237841 45 16 0
1x1/237841 46 16 0
1x1/237841 47 16 0
1x1/008e3c 48 16 0
1x1/3cb371 49 16 0
1x1/3cb371 50 16 0
1x1/3cb371 51 16 0
1x1/3cb371 52 16 0
1x1/3cb371 53 16 0
1x1/3cb371 54 16 0
1x1/3cb371 55 16 0
1x1/3cb371 56 16 0
1x1/3cb371 57 16 0
1x1/73dca1 58 16 0
1x1/3cb371 59 16 0
1x1/3cb371 60 16 0
1x1/3cb371 61 16 0
1x1/008e3c 62 16 0
1x1/10929d 0 17 0
1x1/10929d 1 17 0
1x1/10929d 2 17 0
1x1/36aebf 3 17 0
1x1/55a5af 4 17 0
1x1/55a5af 5 17 0
1x1/55a5af 6 17 0
1x1/55a5af 7 17 0
1x1/55a5af 8 17 0
1x1/6c96bf 9 17 0
1x1/6c96bf 10 17 0
1x1/4354a3 11 17 0
1x1/3f3691 12 17 0
1x1/3f3691 13 17 0
1x1/4b0082 14 17 0
1x1/0a3463 15 17 0
1x1/1b2a34 16 17 0
1x1/1b2a34 17 17 0
1x1/1b2a34 18 17 0
1x1/1b2a34 19 17 0
1x1/1b2a34 20 17 0
1x1/05131d 21 17 0
1x1/05131d 22 17 0
1x1/3f3691 23 17 0
1x1/55a5af 26 17 0
1x1/3f3691 27 17 0
1x1/05131d 28 17 0
1x1/05131d 29 17 0
1x1/05131d 30 17 0
1x1/0a3463 31 17 0
1x1/4b0082 32 17 0
1x1/3f3691 33 17 0
1x1/05131d 34 17 0
1x1/05131d 35 17 0
1x1/05131d 36 17 0
1x1/1b2a34 37 17 0
1x1/3cb371 38 17 0
1x1/008f9b 39 17 0
1x1/008f9b 40 17 0
1x1/008e3c 41 17 0
1x1/237841 42 17 0
1x1/237841 43 17 0
1x1/237841 44 17 0
1x1/184632 45 17 0
1x1/05131d 46 17 0
1x1/237841 47 17 0
1x1/237841 48 17 0
1x1/008f9b 49 17 0
1x1/008f9b 50 17 0
1x1/008f9b 51 17 0
1x1/008f9b 52 17 0
1x1/008f9b 53 17 0
1x1/008f9b 54 17 0
1x1/008f9b 55 17 0
1x1/3cb371 56 17 0
1x1/3cb371 57 17 0
1x1/aeefec 58 17 0
1x1/3cb371 59 17 0
1x1/3cb371 60 17 0
1x1/3cb371 61 17 0
1x1/008e3c 62 17 0
1x1/10929d 0 18 0
1x1/10929d 1 18 0
1x1/10929d 2 18 0
1x1/36aebf 3 18 0
1x1/55a5af 4 18 0
1x1/55a5af 5 18 0
1x1/55a5af 6 18 0
1x1/55a5af 7 18 0
1x1/6c96bf 8 18 0
1x1/6c96bf 9 18 0
1x1/5a93db 10 18 0
1x1/6874ca 11 18 0
1x1/6874ca 12 18 0
1x1/6874ca 13 18 0
1x1/9391e4 14 18 0
1x1/9391e4 15 18 0
1x1/05131d 16 18 0
3x3-268/05131d 17 18 0
1x1/1b2a34 20 18 0
1x1/6874ca 21 18 0
1x1/6874ca 22 18 0
1x1/6874ca 23 18 0
1x1/6874ca 24 18 0
1x1/6c96bf 25 18 0
1x1/6c96bf 26 18 0
1x1/55a5af 27 18 0
1x1/55a5af 28 18 0
1x1/55a5af 29 18 0
1x1/27867e 30 18 0
1x1/354e5a 31 18 0
1x1/1b2a34 32 18 0
1x1/1b2a34 33 18 0
1x1/05131d 34 18 0
1x1/05131d 35 18 0
1x1/05131d 36 18 0
1x1/05131d 37 18 0
1x1/3cb371 38 18 0
1x1/008f9b 39 18 0
1x1/008f9b 40 18 0
1x1/10929d 41 18 0
1x1/237841 42 18 0
1x1/3cb371 43 18 0
1x1/1b2a34 44 18 0
1x1/237841 45 18 0
1x1/237841 46 18 0
1x1/237841 47 18 0
1x1/237841 48 18 0
3x3-268/008f9b 49 18 0
4x4-2367/008f9b 52 18 0
1x1/008f9b 56 18 0
1x1/3cb371 57 18 0
1x1/aeefec 58 18 0
1x1/3cb371 59 18 0
1x1/3cb371 60 18 0
1x1/3cb371 61 18 0
1x1/3cb371 62 18 0
1x1/05131d 0 19 0
1x1/1b2a34 1 19 0
1x1/1b2a34 2 19 0
1x1/237841 3 19 0
1x1/27867e 4 19 0
1x1/4354a3 5 19 0
1x1/55a5af 6 19 0
1x1/55a5af 7 19 0
1x1/6c96bf 8 19 0
1x1/9391e4 9 19 0
1x1/9391e4 10 19 0
1x1/9391e4 11 19 0
1x1/9391e4 12 19 0
1x1/9391e4 13 19 0
1x1/9391e4 14 19 0
1x1/9391e4 15 19 0
1x1/05131d 16 19 0
1x1/05131d 20 19 0
1x1/6874ca 21 19 0
1x1/9391e4 22 19 0
1x1/6874ca 23 19 0
1x1/5a93db 24 19 0
1x1/6c96bf 25 19 0
1x1/6c96bf 26 19 0
1x1/55a5af 27 19 0
1x1/55a5af 28 19 0
1x1/55a5af 29 19 0
1x1/55a5af 30 19 0
1x1/36aebf 31 19 0
1x1/3fb69e 32 19 0
1x1/039cbd 33 19 0
1x1/3fb69e 34 19 0
1x1/3fb69e 35 19 0
1x1/3fb69e 36 19 0
1x1/3cb371 37 19 0
1x1/3cb371 38 19 0
1x1/3cb371 39 19 0
1x1/008f9b 40 19 0
1x1/008f9b 41 19 0
1x1/10929d 42 19 0
1x1/27867e 43 19 0
1x1/3cb371 44 19 0
1x1/1b2a34 45 19 0
1x1/05131d 46 19 0
1x1/237841 47 19 0
1x1/237841 48 19 0
1x1/008f9b 56 19 0
1x1/3cb371 57 19 0
1x1/73dca1 58 19 0
1x1/3cb371 59 19 0
1x1/3cb371 60 19 0
1x1/3cb371 61 19 0
1x1/3cb371 62 19 0
1x1/9ba19d 0 20 0
1x1/9ba19d 1 20 0
1x1/958a73 2 20 0
1x1/6d6e5c 3 20 0
1x1/6d6e5c 4 20 0
2x16/635f52 5 20 0
1x1/583927 7 20 0
1x1/05131d 8 20 0
1x1/05131d 9 20 0
1x1/05131d 10 20 0
1x1/05131d 11 20 0
1x1/1b2a34 12 20 0
1x1/1b2a34 13 20 0
1x1/1b2a34 14 20 0
1x1/1b2a34 15 20 0
1x1/05131d 16 20 0
1x1/3f3691 20 20 0
1x1/3f3691 21 20 0
1x1/3f3691 22 20 0
1x1/3f3691 23 20 0
1x1/3f3691 24 20 0
1x1/3f3691 25 20 0
1x1/3f3691 26 20 0
1x1/4354a3 27 20 0
1x1/4354a3 28 20 0
1x1/27867e 29 20 0
1x1/008f9b 30 20 0
1x1/008f9b 31 20 0
1x1/3fb69e 32 20 0
1x1/10929d 33 20 0
1x1/3fb69e 34 20 0
1x1/3fb69e 35 20 0
1x1/3fb69e 36 20 0
1x1/3fb69e 37 20 0
1x1/3cb371 38 20 0
1x1/3cb371 39 20 0
1x1/3cb371 40 20 0
1x1/10929d 41 20 0
1x1/237841 42 20 0
1x1/237841 43 20 0
1x1/237841 44 20 0
1x1/237841 45 20 0
1x1/27867e 46 20 0
1x1/008f9b 47 20 0
1x1/008f9b 48 20 0
1x1/008f9b 56 20 0
1x1/3cb371 57 20 0
1x1/a7dccf 58 20 0
1x1/008e3c 59 20 0
1x1/3cb371 60 20 0
1x1/3cb371 61 20 0
1x1/3cb371 62 20 0
1x1/008e3c 63 20 0
3x3-268/6d6e5c 0 21 0
1x1/6d6e5c 3 21 0
1x1/6d6e5c 4 21 0
1x1/6d6e5c 7 21 0
1x1/6d6e5c 8 21 0
1x1/6d6e5c 9 21 0
1x1/6d6e5c 10 21 0
1x1/6d6e5c 11 21 0
1x1/958a73 12 21 0
1x1/958a73 13 21 0
1x1/9ba19d 14 21 0
1x1/9ba19d 15 21 0
1x1/9ba19d 16 21 0
1x1/6d6e5c 17 21 0
1x12/05131d 18 21 0
1x1/9ba19d 19 21 0
1x1/9ba19d 20 21 0
1x1/9ba19d 21 21 0
1x1/9ba19d 22 21 0
1x1/9ba19d 23 21 0
1x1/9ba19d 24 21 0
1x1/9ba19d 25 21 0
1x1/9ba19d 26 21 0
1x1/9ba19d 27 21 0
1x1/6d6e5c 28 21 0
1x1/6d6e5c 29 21 0
1x1/6d6e5c 30 21 0
1x1/6d6e5c 31 21 0
1x1/6d6e5c 32 21 0
2x14/6d6e5c 33 21 0
1x1/583927 35 21 0
1x1/583927 36 21 0
1x1/05131d 37 21 0
1x1/05131d 38 21 0
1x1/05131d 39 21 0
1x1/05131d 40 21 0
1x1/05131d 41 21 0
1x1/05131d 42 21 0
1x1/05131d 43 21 0
1x1/05131d 44 21 0
1x1/05131d 45 21 0
1x1/05131d 46 21 0
1x1/05131d 47 21 0
1x1/05131d 48 21 0
1x1/008f9b 49 21 0
1x1/008f9b 50 21 0
1x1/008f9b 51 21 0
1x1/008f9b 56 21 0
1x1/3cb371 57 21 0
1x1/aeefec 58 21 0
1x1/008e3c 59 21 0
1x1/3cb371 60 21 0
1x1/3cb371 61 21 0
1x1/3cb371 62 21 0
1x1/008f9b 63 21 0
2x16/635f52 3 22 0
8x16/6d6e5c 7 22 0
1x1/635f52 15 22 0
1x1/6d6e5c 16 22 0
1x1/583927 17 22 0
1x1/9ba19d 19 22 0
1x1/6d6e5c 20 22 0
1x1/6d6e5c 21 22 0
1x1/6d6e5c 22 22 0
1x1/6d6e5c 23 22 0
1x1/6d6e5c 24 22 0
1x12/583927 25 22 0
1x1/6d6e5c 26 22 0
1x1/6d6e5c 27 22 0
1x1/6d6e5c 28 22 0
1x1/6d6e5c 29 22 0
1x1/6d6e5c 30 22 0
1x1/6d6e5c 31 22 0
1x1/6d6e5c 32 22 0
1x1/6d6e5c 35 22 0
1x1/6d6e5c 36 22 0
1x1/6d6e5c 37 22 0
1x1/6d6e5c 38 22 0
1x1/6d6e5c 39 22 0
1x1/6d6e5c 40 22 0
1x1/6d6e5c 41 22 0
1x1/6d6e5c 42 22 0
1x1/6d6e5c 43 22 0
1x1/6d6e5c 44 22 0
1x1/6d6e5c 45 22 0
1x1/6d6e5c 46 22 0
1x1/6d6e5c 47 22 0
1x1/583927 48 22 0
1x1/55a5af 49 22 0
1x1/008f9b 50 22 0
1x1/008f9b 51 22 0
1x1/008f9b 52 22 0
1x1/008f9b 53 22 0
1x1/008f9b 54 22 0
1x1/008f9b 55 22 0
1x1/008f9b 56 22 0
1x1/3cb371 57 22 0
1x1/73dca1 58 22 0
1x1/237841 59 22 0
1x1/237841 60 22 0
1x1/237841 61 22 0
1x1/237841 62 22 0
1x1/1b2a34 63 22 0
1x1/6d6e5c 15 23 0
1x12/583927 16 23 0
1x1/6d6e5c 17 23 0
1x12/6d6e5c 19 23 0
1x1/9ba19d 20 23 0
1x1/9ba19d 21 23 0
1x1/9ba19d 22 23 0
1x1/9ba19d 23 23 0
1x1/6d6e5c 24 23 0
1x12/6d6e5c 26 23 0
1x1/9ba19d 27 23 0
1x1/6d6e5c 28 23 0
1x1/6d6e5c 29 23 0
1x1/6d6e5c 30 23 0
1x1/583927 31 23 0
1x1/583927 32 23 0
1x1/6d6e5c 35 23 0
1x12/6d6e5c 36 23 0
1x12/583927 37 23 0
1x12/6d6e5c 38 23 0
1x1/6d6e5c 39 23 0
1x1/6d6e5c 40 23 0
1x1/6d6e5c 41 23 0
4x4-2367/6d6e5c 42 23 0
2x12/6d6e5c 46 23 0
1x1/583927 48 23 0
1x1/05131d 49 23 0
1x1/05131d 50 23 0
1x1/05131d 51 23 0
1x1/05131d 52 23 0
1x1/05131d 53 23 0
1x1/05131d 54 23 0
1x1/05131d 55 23 0
1x1/05131d 56 23 0
1x1/05131d 57 23 0
1x1/05131d 58 23 0
1x1/05131d 59 23 0
1x1/05131d 60 23 0
1x1/05131d 61 23 0
1x1/05131d 62 23 0
1x1/05131d 63 23 0
3x3-268/583927 0 24 0
1x1/6d6e5c 15 24 0
1x8/6d6e5c 17 24 0
1x1/6d6e5c 20 24 0
1x1/9ba19d 21 24 0
1x1/9ba19d 22 24 0
1x1/583927 23 24 0
1x1/6d6e5c 24 24 0
1x1/958a73 27 24 0
1x1/6d6e5c 28 24 0
1x1/9ba19d 29 24 0
1x1/6d6e5c 30 24 0
2x10/6d6e5c 31 24 0
1x1/6d6e5c 35 24 0
1x1/6d6e5c 39 24 0
1x1/6d6e5c 40 24 0
1x1/583927 41 24 0
1x1/6d6e5c 48 24 0
1x1/05131d 49 24 0
1x1/05131d 50 24 0
1x1/05131d 51 24 0
1x1/237841 52 24 0
1x1/237841 53 24 0
1x1/237841 54 24 0
1x1/05131d 55 24 0
1x1/05131d 56 24 0
1x1/237841 57 24 0
1x1/237841 58 24 0
1x1/237841 59 24 0
1x1/05131d 60 24 0
1x1/05131d 61 24 0
1x1/3f3691 62 24 0
1x1/8320b7 63 24 0
1x12/583927 15 25 0
1x1/6d6e5c 20 25 0
1x1/958a73 21 25 0
1x1/6d6e5c 22 25 0
1x1/6d6e5c 23 25 0
1x1/6d6e5c 24 25 0
1x1/583927 27 25 0
1x1/583927 28 25 0
1x1/583927 29 25 0
1x1/583927 30 25 0
1x12/583927 35 25 0
1x1/9ba19d 39 25 0
1x1/9ba19d 40 25 0
1x1/9ba19d 41 25 0
1x1/6d6e5c 48 25 0
1x1/05131d 49 25 0
1x1/0a3463 50 25 0
1x1/05131d 51 25 0
1x1/3cb371 52 25 0
1x1/4b9f4a 53 25 0
1x1/237841 54 25 0
1x1/05131d 55 25 0
1x1/05131d 56 25 0
1x1/55a5af 57 25 0
1x1/84b68d 58 25 0
1x1/3cb371 59 25 0
1x1/05131d 60 25 0
1x1/05131d 61 25 0
1x1/8e5597 62 25 0
1x1/ac78ba 63 25 0
1x1/6d6e5c 20 26 0
1x1/9ba19d 21 26 0
1x1/6d6e5c 22 26 0
1x12/6d6e5c 23 26 0
1x1/6d6e5c 24 26 0
1x10/6d6e5c 27 26 0
3x3-268/6d6e5c 28 26 0
1x1/635f52 39 26 0
1x1/635f52 40 26 0
1x1/6d6e5c 41 26 0
1x1/6d6e5c 48 26 0
1x1/05131d 49 26 0
1x1/237841 50 26 0
1x1/73dca1 51 26 0
1x1/55a5af 52 26 0
1x1/237841 53 26 0
1x1/237841 54 26 0
1x1/1b2a34 55 26 0
1x1/55a5af 56 26 0
1x1/27867e 57 26 0
1x1/3cb371 58 26 0
1x1/3cb371 59 26 0
1x1/237841 60 26 0
1x1/0a3463 61 26 0
1x1/1b2a34 62 26 0
1x1/3f3691 63 26 0
1x1/9ba19d 0 27 0
1x1/6d6e5c 1 27 0
1x12/583927 2 27 0
1x1/6d6e5c 20 27 0
1x1/9ba19d 21 27 0
1x1/6d6e5c 22 27 0
1x1/6d6e5c 24 27 0
1x1/6d6e5c 39 27 0
1x1/6d6e5c 40 27 0
4x8/6d6e5c 41 27 0
1x12/6d6e5c 45 27 0
1x1/6d6e5c 48 27 0
1x1/05131d 49 27 0
1x1/3cb371 50 27 0
1x1/3cb371 51 27 0
1x1/3fb69e 52 27 0
1x1/55a5af 53 27 0
1x1/0a3463 54 27 0
1x1/237841 55 27 0
1x1/237841 56 27 0
1x1/0a3463 57 27 0
1x1/1b2a34 58 27 0
1x1/237841 59 27 0
1x1/1b2a34 60 27 0
1x1/575857 61 27 0
1x1/3f3691 62 27 0
1x1/3f3691 63 27 0
1x12/583927 0 28 0
1x1/583927 1 28 0
2x12/635f52 20 28 0
1x12/6d6e5c 22 28 0
1x12/6d6e5c 24 28 0
1x1/6d6e5c 39 28 0
1x1/6d6e5c 40 28 0
1x1/6d6e5c 48 28 0
1x1/237841 49 28 0
1x1/3fb69e 50 28 0
1x1/5ac4da 51 28 0
1x1/3fb69e 52 28 0
1x1/73dca1 53 28 0
1x1/237841 54 28 0
1x1/008f9b 55 28 0
1x1/05131d 56 28 0
1x1/1b2a34 57 28 0
1x1/237841 58 28 0
1x1/0a3463 59 28 0
1x1/354e5a 60 28 0
1x1/6c6e68 61 28 0
1x1/ac78ba 62 28 0
1x1/0a3463 63 28 0
1x1/583927 1 29 0
1x1/6d6e5c 28 29 0
1x1/6d6e5c 29 29 0
1x1/583927 30 29 0
1x1/9ba19d 39 29 0
1x1/958a73 40 29 0
1x1/6d6e5c 48 29 0
1x1/237841 49 29 0
1x1/3fb69e 50 29 0
1x1/55a5af 51 29 0
1x1/3cb371 52 29 0
1x1/3fb69e 53 29 0
1x1/4b9f4a 54 29 0
1x1/84b68d 55 29 0
1x8/05131d 56 29 0
1x8/1b2a34 57 29 0
1x1/3cb371 58 29 0
1x1/6074a1 59 29 0
1x1/4354a3 60 29 0
1x1/6874ca 61 29 0
1x1/ac78ba 62 29 0
1x1/1b2a34 63 29 0
1x1/6d6e5c 1 30 0
1x1/635f52 28 30 0
1x1/635f52 29 30 0
1x8/6d6e5c 30 30 0
1x1/6d6e5c 39 30 0
1x1/6d6e5c 40 30 0
1x1/6d6e5c 48 30 0
1x1/237841 49 30 0
1x1/3fb69e 50 30 0
1x1/5ac4da 51 30 0
1x1/3fb69e 52 30 0
1x1/73dca1 53 30 0
1x1/27867e 54 30 0
1x1/27867e 55 30 0
1x1/3cb371 58 30 0
1x1/008f9b 59 30 0
1x1/008f9b 60 30 0
1x1/55a5af 61 30 0
1x1/55a5af 62 30 0
1x1/008f9b 63 30 0
1x1/583927 1 31 0
1x1/9ba19d 28 31 0
1x1/6d6e5c 29 31 0
1x1/6d6e5c 39 31 0
1x1/6d6e5c 40 31 0
1x8/1b2a34 48 31 0
1x1/184632 49 31 0
1x1/55a5af 50 31 0
1x1/3fb69e 51 31 0
1x1/3fb69e 52 31 0
1x1/3cb371 53 31 0
1x1/237841 54 31 0
1x1/237841 55 31 0
1x1/3fb69e 58 31 0
1x1/3fb69e 59 31 0
1x1/68bcc5 60 31 0
1x1/55a5af 61 31 0
1x1/7dbfdd 62 31 0
1x1/55a5af 63 31 0
1x10/583927 1 32 0
1x1/6d6e5c 17 32 0
1x1/6d6e5c 28 32 0
1x1/635f52 29 32 0
2x6/635f52 39 32 0
1x1/184632 49 32 0
1x1/184632 50 32 0
1x1/3cb371 51 32 0
1x1/237841 52 32 0
1x1/05131d 53 32 0
1x1/237841 54 32 0
1x1/237841 55 32 0
1x1/237841 58 32 0
1x1/27867e 59 32 0
1x1/0a3463 60 32 0
1x1/3f3691 61 32 0
1x1/aeefec 62 32 0
1x1/05131d 63 32 0
1x1/6d6e5c 17 33 0
1x10/05131d 18 33 0
1x1/6d6e5c 28 33 0
1x1/6d6e5c 29 33 0
1x1/1b2a34 49 33 0
1x1/05131d 50 33 0
1x1/237841 51 33 0
1x1/05131d 52 33 0
1x1/05131d 53 33 0
1x1/05131d 54 33 0
1x1/05131d 55 33 0
1x1/1b2a34 58 33 0
1x1/237841 59 33 0
1x1/05131d 60 33 0
1x1/3f3691 61 33 0
1x1/9fc3e9 62 33 0
1x1/05131d 63 33 0
1x1/583927 17 34 0
1x1/635f52 25 34 0
1x1/6d6e5c 28 34 0
1x1/958a73 29 34 0
1x1/6d6e5c 31 34 0
1x1/583927 32 34 0
1x1/05131d 49 34 0
2x6/05131d 50 34 0
1x1/237841 52 34 0
1x1/237841 53 34 0
1x1/1b2a34 54 34 0
1x1/05131d 55 34 0
1x1/1b2a34 58 34 0
1x1/1b2a34 59 34 0
1x1/1b2a34 60 34 0
1x1/05131d 61 34 0
1x1/575857 62 34 0
1x1/05131d 63 34 0
2x6/583927 16 35 0
1x1/9ba19d 19 35 0
1x1/635f52 25 35 0
1x1/583927 26 35 0
1x1/6d6e5c 28 35 0
1x1/6d6e5c 29 35 0
1x1/9ba19d 31 35 0
1x1/6d6e5c 32 35 0
1x1/6d6e5c 33 35 0
1x1/6d6e5c 34 35 0
3x3-268/6d6e5c 36 35 0
1x1/6d6e5c 41 35 0
1x1/9ba19d 42 35 0
1x1/9ba19d 43 35 0
1x1/9ba19d 44 35 0
1x1/6d6e5c 46 35 0
1x1/6d6e5c 47 35 0
1x8/05131d 49 35 0
1x1/05131d 52 35 0
1x1/05131d 53 35 0
1x1/05131d 54 35 0
1x1/05131d 55 35 0
1x1/237841 58 35 0
1x1/3cb371 59 35 0
1x1/008f9b 60 35 0
1x1/6c96bf 61 35 0
1x1/4354a3 62 35 0
1x1/0a3463 63 35 0
2x6/635f52 5 36 0
1x1/9ba19d 19 36 0
1x1/635f52 25 36 0
1x1/6d6e5c 26 36 0
1x1/6d6e5c 27 36 0
1x1/6d6e5c 28 36 0
1x1/6d6e5c 29 36 0
4x4-2367/6d6e5c 31 36 0
3x3-268/635f52 41 36 0
1x1/635f52 44 36 0
1x1/635f52 46 36 0
1x1/635f52 47 36 0
1x1/05131d 52 36 0
1x1/05131d 53 36 0
1x1/05131d 54 36 0
1x1/05131d 55 36 0
1x1/05131d 58 36 0
1x1/05131d 59 36 0
1x1/4354a3 60 36 0
1x1/4354a3 61 36 0
1x1/55a5af 62 36 0
1x1/05131d 63 36 0
1x1/635f52 15 37 0
1x1/9ba19d 19 37 0
1x1/635f52 25 37 0
1x1/9ba19d 26 37 0
1x1/9ba19d 27 37 0
1x1/6d6e5c 28 37 0
1x1/6d6e5c 29 37 0
1x1/635f52 35 37 0
1x1/635f52 44 37 0
1x1/6d6e5c 46 37 0
1x1/635f52 47 37 0
1x1/05131d 52 37 0
1x1/237841 53 37 0
1x1/237841 54 37 0
1x1/237841 55 37 0
1x1/6c6e68 56 37 0
1x1/595d60 57 37 0
1x1/575857 58 37 0
1x1/0a3463 59 37 0
1x1/27867e 60 37 0
1x1/27867e 61 37 0
1x1/1b2a34 62 37 0
1x1/1b2a34 63 37 0
2x4/575857 3 38 0
4x4-2367/635f52 7 38 0
3x3-268/635f52 11 38 0
1x1/635f52 14 38 0
1x1/635f52 15 38 0
1x1/9ba19d 19 38 0
1x1/6d6e5c 23 38 0
1x1/6d6e5c 25 38 0
1x1/635f52 26 38 0
1x1/635f52 27 38 0
1x1/583927 28 38 0
1x1/583927 29 38 0
1x1/635f52 30 38 0
1x1/635f52 35 38 0
1x1/635f52 36 38 0
1x1/635f52 37 38 0
1x1/635f52 38 38 0
1x1/635f52 39 38 0
1x1/583927 40 38 0
1x1/635f52 44 38 0
1x1/6d6e5c 46 38 0
1x1/575857 47 38 0
1x1/1b2a34 52 38 0
1x1/05131d 53 38 0
3x3-268/05131d 54 38 0
1x1/05131d 57 38 0
1x1/575857 58 38 0
1x1/3f3691 59 38 0
1x1/27867e 60 38 0
1x1/0a3463 61 38 0
1x1/3f3691 62 38 0
1x1/1b2a34 63 38 0
1x1/583927 2 39 0
1x1/635f52 14 39 0
1x1/635f52 15 39 0
1x1/9ba19d 19 39 0
1x1/6d6e5c 23 39 0
1x1/6d6e5c 25 39 0
1x1/635f52 26 39 0
1x1/635f52 27 39 0
1x1/635f52 28 39 0
1x1/635f52 29 39 0
1x1/635f52 30 39 0
1x1/3f3691 35 39 0
1x1/4354a3 36 39 0
1x1/4354a3 37 39 0
1x1/3592c3 38 39 0
1x1/5a93db 39 39 0
1x1/5a93db 40 39 0
1x1/5a93db 41 39 0
1x1/55a5af 42 39 0
1x1/55a5af 43 39 0
1x1/55a5af 44 39 0
1x1/55a5af 45 39 0
1x1/55a5af 46 39 0
1x1/55a5af 47 39 0
1x1/1b2a34 48 39 0
1x1/05131d 52 39 0
1x1/05131d 53 39 0
1x1/05131d 57 39 0
1x1/237841 58 39 0
1x1/0a3463 59 39 0
1x1/4354a3 60 39 0
1x1/27867e 61 39 0
1x1/3f3691 62 39 0
1x1/0a3463 63 39 0
1x1/583927 0 40 0
1x1/583927 2 40 0
1x1/635f52 14 40 0
1x1/635f52 15 40 0
1x1/9ba19d 19 40 0
1x1/6d6e5c 20 40 0
1x1/6d6e5c 21 40 0
1x1/6d6e5c 22 40 0
1x1/55a5af 23 40 0
1x1/55a5af 24 40 0
1x1/3592c3 25 40 0
1x1/008f9b 26 40 0
1x1/3592c3 27 40 0
1x1/3592c3 28 40 0
1x1/008f9b 29 40 0
1x1/55a5af 30 40 0
1x1/4354a3 31 40 0
1x1/55a5af 32 40 0
1x1/4354a3 33 40 0
1x1/7988a1 34 40 0
1x1/6c6e68 35 40 0
1x1/6d6e5c 36 40 0
1x1/6d6e5c 37 40 0
1x1/6d6e5c 38 40 0
1x1/635f52 39 40 0
1x1/1b2a34 40 40 0
1x1/1b2a34 41 40 0
1x1/05131d 42 40 0
1x1/05131d 43 40 0
1x1/05131d 44 40 0
1x1/05131d 45 40 0
1x1/05131d 46 40 0
1x1/05131d 47 40 0
1x1/05131d 48 40 0
1x1/05131d 50 40 0
1x1/05131d 51 40 0
1x1/05131d 52 40 0
1x1/05131d 53 40 0
1x1/05131d 57 40 0
1x1/1b2a34 58 40 0
1x1/0a3463 59 40 0
1x1/4354a3 60 40 0
1x1/55a5af 61 40 0
1x1/55a5af 62 40 0
1x1/3f3691 63 40 0
1x1/575857 0 41 0
1x1/575857 2 41 0
1x1/575857 11 41 0
1x1/1b2a34 12 41 0
1x1/575857 13 41 0
1x1/4354a3 14 41 0
1x1/4354a3 15 41 0
1x1/008f9b 16 41 0
1x1/4354a3 17 41 0
1x1/3592c3 19 41 0
1x1/55a5af 20 41 0
1x1/55a5af 21 41 0
1x1/55a5af 22 41 0
1x1/55a5af 23 41 0
1x1/7988a1 24 41 0
1x1/958a73 25 41 0
1x1/9ba19d 26 41 0
1x1/645a4c 27 41 0
1x1/583927 28 41 0
1x1/583927 29 41 0
1x1/635f52 30 41 0
1x1/05131d 31 41 0
1x1/05131d 32 41 0
1x1/05131d 33 41 0
1x1/05131d 34 41 0
1x1/05131d 35 41 0
1x1/05131d 36 41 0
1x1/05131d 37 41 0
1x1/1b2a34 38 41 0
1x1/1b2a34 39 41 0
1x1/0a3463 40 41 0
1x1/1b2a34 41 41 0
1x1/05131d 42 41 0
1x1/05131d 43 41 0
1x1/05131d 44 41 0
1x1/05131d 45 41 0
1x1/05131d 46 41 0
1x1/3f3691 47 41 0
1x1/1b2a34 48 41 0
1x1/1b2a34 50 41 0
1x1/1b2a34 51 41 0
1x1/237841 52 41 0
1x1/73dca1 53 41 0
1x1/73dca1 54 41 0
1x1/3cb371 55 41 0
1x1/73dca1 56 41 0
1x1/3cb371 57 41 0
1x1/27867e 58 41 0
1x1/3f3691 59 41 0
1x1/3f3691 60 41 0
1x1/8320b7 61 41 0
1x1/3f3691 62 41 0
1x1/008f9b 63 41 0
1x1/575857 0 42 0
1x1/583927 1 42 0
1x1/1b2a34 2 42 0
1x1/575857 3 42 0
1x1/575857 4 42 0
1x1/575857 5 42 0
1x1/575857 6 42 0
1x1/4354a3 7 42 0
1x1/4354a3 8 42 0
1x1/3592c3 9 42 0
1x1/55a5af 10 42 0
1x1/5a93db 11 42 0
1x1/55a5af 12 42 0
1x1/55a5af 13 42 0
1x1/4354a3 14 42 0
1x1/6c6e68 15 42 0
1x1/6d6e5c 16 42 0
1x1/1b2a34 17 42 0
1x1/6d6e5c 19 42 0
1x1/635f52 20 42 0
1x1/1b2a34 21 42 0
1x1/05131d 22 42 0
1x1/05131d 23 42 0
1x1/05131d 24 42 0
1x1/05131d 25 42 0
1x1/05131d 26 42 0
1x1/05131d 27 42 0
1x1/05131d 28 42 0
1x1/1b2a34 29 42 0
1x1/0a3463 30 42 0
1x1/27867e 31 42 0
1x1/008f9b 32 42 0
1x1/008f9b 33 42 0
1x1/10929d 34 42 0
1x1/36aebf 35 42 0
1x1/039cbd 36 42 0
1x1/039cbd 37 42 0
1x1/039cbd 38 42 0
1x1/008f9b 39 42 0
1x1/008f9b 40 42 0
1x1/4354a3 41 42 0
1x1/1b2a34 42 42 0
1x1/05131d 43 42 0
1x1/237841 44 42 0
1x1/1b2a34 45 42 0
1x1/05131d 46 42 0
1x1/3f3691 47 42 0
1x1/1b2a34 48 42 0
1x1/05131d 50 42 0
1x1/05131d 51 42 0
1x1/237841 52 42 0
1x1/237841 53 42 0
1x1/55a5af 54 42 0
1x1/3f3691 55 42 0
1x1/3f3691 56 42 0
1x1/ac78ba 57 42 0
1x1/ac78ba 58 42 0
1x1/ac78ba 59 42 0
1x1/ac78ba 60 42 0
1x1/ac78ba 61 42 0
1x1/ac78ba 62 42 0
1x1/ac78ba 63 42 0
1x1/0a3463 0 43 0
1x1/4354a3 1 43 0
1x1/5a93db 2 43 0
1x1/009ece 3 43 0
1x1/3592c3 4 43 0
1x1/3592c3 5 43 0
1x1/3592c3 6 43 0
1x1/4354a3 7 43 0
1x1/3f3691 8 43 0
1x1/4354a3 9 43 0
1x1/6c6e68 10 43 0
1x1/575857 11 43 0
1x1/635f52 12 43 0
1x1/1b2a34 13 43 0
1x1/05131d 14 43 0
1x8/05131d 15 43 0
1x1/05131d 16 43 0
1x1/05131d 17 43 0
1x1/05131d 18 43 0
1x1/05131d 19 43 0
1x1/05131d 20 43 0
1x1/1b2a34 21 43 0
1x1/3f3691 22 43 0
1x1/3f3691 23 43 0
1x1/4c61db 24 43 0
1x1/4c61db 25 43 0
1x1/4c61db 26 43 0
1x1/4c61db 27 43 0
1x1/6c96bf 28 43 0
1x1/6c96bf 29 43 0
1x1/55a5af 30 43 0
1x1/55a5af 31 43 0
1x1/55a5af 32 43 0
1x1/55a5af 33 43 0
1x1/55a5af 34 43 0
1x1/55a5af 35 43 0
1x1/55a5af 36 43 0
1x1/55a5af 37 43 0
1x1/55a5af 38 43 0
1x1/55a5af 39 43 0
1x1/6c96bf 40 43 0
1x1/3f3691 41 43 0
1x1/3f3691 42 43 0
4x4-2367/05131d 43 43 0
1x1/3f3691 47 43 0
1x1/81007b 48 43 0
3x3-268/05131d 49 43 0
1x1/1b2a34 52 43 0
1x1/1b2a34 53 43 0
1x1/1b2a34 54 43 0
1x1/1b2a34 55 43 0
1x1/05131d 56 43 0
1x1/8e5597 57 43 0
1x1/8e5597 58 43 0
1x1/3f3691 59 43 0
1x1/0a3463 60 43 0
1x1/1b2a34 61 43 0
1x1/237841 62 43 0
1x1/73dca1 63 43 0
1x1/4354a3 0 44 0
1x1/4354a3 1 44 0
1x1/635f52 2 44 0
1x1/6d6e5c 3 44 0
1x1/635f52 4 44 0
1x1/575857 5 44 0
1x1/1b2a34 6 44 0
1x1/05131d 7 44 0
1x1/05131d 8 44 0
1x1/05131d 9 44 0
1x1/05131d 10 44 0
1x1/05131d 11 44 0
1x1/05131d 12 44 0
1x1/05131d 13 44 0
1x1/05131d 14 44 0
1x1/3f3691 16 44 0
1x1/8320b7 17 44 0
1x1/8320b7 18 44 0
1x1/8320b7 19 44 0
1x1/8320b7 20 44 0
1x1/8320b7 21 44 0
1x1/8320b7 22 44 0
1x1/8320b7 23 44 0
1x1/8320b7 24 44 0
1x1/4c61db 25 44 0
1x1/4c61db 26 44 0
1x1/4c61db 27 44 0
1x1/4c61db 28 44 0
1x1/4c61db 29 44 0
1x1/4c61db 30 44 0
1x1/6c96bf 31 44 0
1x1/6c96bf 32 44 0
1x1/6c96bf 33 44 0
1x1/5a93db 34 44 0
1x1/6874ca 35 44 0
1x1/9391e4 36 44 0
1x1/9391e4 37 44 0
1x1/9391e4 38 44 0
1x1/9391e4 39 44 0
1x1/6874ca 40 44 0
1x1/8320b7 41 44 0
1x1/3f3691 42 44 0
1x1/3f3691 47 44 0
1x1/3f3691 48 44 0
3x3-268/05131d 52 44 0
4x4-2367/05131d 55 44 0
1x1/4b0082 59 44 0
1x1/1b2a34 60 44 0
2x6/05131d 61 44 0
1x1/3cb371 63 44 0
1x1/1b2a34 0 45 0
1x1/1b2a34 1 45 0
1x1/05131d 2 45 0
1x1/05131d 3 45 0
1x1/05131d 4 45 0
1x1/05131d 5 45 0
1x1/05131d 6 45 0
1x1/1b2a34 7 45 0
1x1/0a3463 8 45 0
1x1/3f3691 9 45 0
1x1/2032b0 10 45 0
1x1/4354a3 11 45 0
1x1/8320b7 12 45 0
1x1/8320b7 13 45 0
1x1/05131d 14 45 0
1x1/3f3691 16 45 0
1x1/8320b7 17 45 0
1x1/8320b7 18 45 0
1x1/8320b7 19 45 0
1x1/8320b7 20 45 0
1x1/8320b7 21 45 0
1x1/8320b7 22 45 0
1x1/8320b7 23 45 0
1x1/8320b7 24 45 0
1x1/8320b7 25 45 0
1x1/8320b7 26 45 0
1x1/8320b7 27 45 0
1x1/8320b7 28 45 0
1x1/8320b7 29 45 0
1x1/6874ca 30 45 0
1x1/9391e4 31 45 0
1x1/9391e4 32 45 0
1x1/9391e4 33 45 0
1x1/9391e4 34 45 0
1x1/a3a9ff 35 45 0
1x1/e4adc8 36 45 0
1x1/a3a9ff 37 45 0
1x1/9391e4 38 45 0
1x1/a3a9ff 39 45 0
1x1/6874ca 40 45 0
1x1/8320b7 41 45 0
1x1/3f3691 42 45 0
1x1/0a3463 47 45 0
1x1/0a3463 48 45 0
2x4/05131d 59 45 0
1x1/05131d 63 45 0
1x1/05131d 0 46 0
1x1/05131d 1 46 0
1x1/1b2a34 2 46 0
1x1/3f3691 3 46 0
1x1/4354a3 4 46 0
1x1/4354a3 5 46 0
1x1/3f3691 6 46 0
1x1/3f3691 7 46 0
1x1/3f3691 8 46 0
1x1/4354a3 9 46 0
1x1/8320b7 10 46 0
1x1/8320b7 11 46 0
1x1/8320b7 12 46 0
1x1/8320b7 13 46 0
1x1/05131d 14 46 0
1x1/4b0082 16 46 0
1x1/8320b7 17 46 0
1x1/8320b7 18 46 0
1x1/8320b7 19 46 0
1x1/8320b7 20 46 0
1x1/8320b7 21 46 0
1x1/8320b7 22 46 0
1x1/8320b7 23 46 0
1x1/8320b7 24 46 0
1x1/8320b7 25 46 0
1x1/8320b7 26 46 0
1x1/ac78ba 27 46 0
1x1/ac78ba 28 46 0
1x1/9391e4 29 46 0
1x1/a3a9ff 30 46 0
1x1/a3a9ff 31 46 0
1x1/e4adc8 32 46 0
1x1/e4adc8 33 46 0
1x1/e4adc8 34 46 0
1x1/ac78ba 35 46 0
1x1/ac78ba 36 46 0
1x1/6874ca 37 46 0
1x1/6c96bf 38 46 0
1x1/6c96bf 39 46 0
1x1/4354a3 40 46 0
1x1/575857 41 46 0
1x1/05131d 42 46 0
1x1/1b2a34 47 46 0
1x1/1b2a34 48 46 0
1x1/05131d 49 46 0
1x1/05131d 50 46 0
1x1/05131d 51 46 0
1x1/05131d 63 46 0
1x1/3592c3 0 47 0
1x1/4354a3 1 47 0
1x1/4c61db 2 47 0
1x1/4c61db 3 47 0
1x1/4c61db 4 47 0
1x1/4c61db 5 47 0
1x1/4c61db 6 47 0
1x1/5f27aa 7 47 0
1x1/8320b7 8 47 0
1x1/8320b7 9 47 0
1x1/8320b7 10 47 0
1x1/8320b7 11 47 0
1x1/8320b7 12 47 0
1x1/8320b7 13 47 0
1x1/1b2a34 14 47 0
1x1/4b0082 16 47 0
1x1/8320b7 17 47 0
1x1/8320b7 18 47 0
1x1/8320b7 19 47 0
1x1/8320b7 20 47 0
1x1/8320b7 21 47 0
1x1/ac78ba 22 47 0
1x1/ac78ba 23 47 0
1x1/ac78ba 24 47 0
1x1/e4adc8 25 47 0
1x1/e4adc8 26 47 0
1x1/e4adc8 27 47 0
1x1/ac78ba 28 47 0
1x1/ac78ba 29 47 0
1x1/8d73b3 30 47 0
1x1/6874ca 31 47 0
1x1/6874ca 32 47 0
1x1/4354a3 33 47 0
1x1/4354a3 34 47 0
1x1/4354a3 35 47 0
1x1/4354a3 36 47 0
1x1/6074a1 37 47 0
1x1/3cb371 38 47 0
1x1/008f9b 39 47 0
1x1/27867e 40 47 0
1x1/237841 41 47 0
1x1/237841 42 47 0
3x3-268/237841 43 47 0
1x1/237841 46 47 0
1x1/237841 47 47 0
1x1/237841 48 47 0
1x1/237841 49 47 0
1x1/1b2a34 50 47 0
1x1/1b2a34 51 47 0
1x1/05131d 52 47 0
1x1/05131d 53 47 0
1x1/05131d 54 47 0
1x1/05131d 63 47 0
1x1/4c61db 0 48 0
1x1/4c61db 1 48 0
1x1/4c61db 2 48 0
1x1/4c61db 3 48 0
1x1/8320b7 4 48 0
1x1/8320b7 5 48 0
1x1/8320b7 6 48 0
1x1/8320b7 7 48 0
1x1/8320b7 8 48 0
1x1/8320b7 9 48 0
1x1/8320b7 10 48 0
1x1/8320b7 11 48 0
1x1/8320b7 12 48 0
1x1/8320b7 13 48 0
1x1/4b0082 14 48 0
1x1/8320b7 16 48 0
1x1/8320b7 17 48 0
1x1/ac78ba 18 48 0
1x1/e4adc8 19 48 0
1x1/e4adc8 20 48 0
1x1/e4adc8 21 48 0
1x1/ac78ba 22 48 0
1x1/ac78ba 23 48 0
1x1/ac78ba 24 48 0
1x1/8320b7 25 48 0
1x1/8320b7 26 48 0
1x1/8320b7 27 48 0
1x1/8320b7 28 48 0
1x1/6874ca 29 48 0
1x1/4354a3 30 48 0
1x1/4354a3 31 48 0
1x1/4354a3 32 48 0
1x1/4354a3 33 48 0
1x1/55a5af 34 48 0
1x1/27867e 35 48 0
1x1/008f9b 36 48 0
1x1/008f9b 37 48 0
1x1/237841 38 48 0
1x1/237841 39 48 0
1x1/237841 40 48 0
1x1/237841 41 48 0
1x1/237841 42 48 0
1x1/237841 46 48 0
1x1/6d6e5c 47 48 0
1x1/237841 48 48 0
1x1/1b2a34 49 48 0
1x1/237841 50 48 0
1x1/237841 51 48 0
1x1/237841 52 48 0
1x1/237841 53 48 0
1x1/1b2a34 54 48 0
1x1/1b2a34 55 48 0
1x1/05131d 56 48 0
1x1/05131d 57 48 0
1x1/05131d 58 48 0
1x1/05131d 63 48 0
1x1/4c61db 0 49 0
1x1/4c61db 1 49 0
1x1/8320b7 2 49 0
1x1/8320b7 3 49 0
1x1/8320b7 4 49 0
1x1/8320b7 5 49 0
1x1/8320b7 6 49 0
1x1/8320b7 7 49 0
1x1/8320b7 8 49 0
1x1/8320b7 9 49 0
1x1/8320b7 10 49 0
1x1/8320b7 11 49 0
1x1/8320b7 12 49 0
1x1/4b0082 13 49 0
1x1/4b0082 14 49 0
1x1/3f3691 16 49 0
1x1/ac78ba 17 49 0
1x1/4b0082 18 49 0
1x1/8320b7 19 49 0
1x1/8320b7 20 49 0
1x1/8320b7 21 49 0
1x1/8320b7 22 49 0
1x1/8320b7 23 49 0
1x1/8320b7 24 49 0
1x1/8320b7 25 49 0
1x1/8320b7 26 49 0
1x1/4354a3 27 49 0
1x1/4354a3 28 49 0
1x1/3f3691 29 49 0
1x1/3f3691 30 49 0
1x1/4354a3 31 49 0
1x1/4354a3 32 49 0
1x1/27867e 33 49 0
1x1/008f9b 34 49 0
1x1/008f9b 35 49 0
1x1/008f9b 36 49 0
1x1/008f9b 37 49 0
1x1/008f9b 38 49 0
1x1/008f9b 39 49 0
1x1/27867e 40 49 0
1x1/237841 41 49 0
1x1/1b2a34 42 49 0
1x1/1b2a34 46 49 0
2x4/05131d 47 49 0
1x1/1b2a34 49 49 0
1x1/1b2a34 50 49 0
1x1/1b2a34 51 49 0
1x1/1b2a34 52 49 0
1x1/237841 53 49 0
1x1/237841 54 49 0
1x1/575857 55 49 0
1x1/635f52 56 49 0
1x1/635f52 57 49 0
1x1/575857 58 49 0
1x1/1b2a34 59 49 0
1x1/1b2a34 60 49 0
1x1/05131d 63 49 0
1x1/8320b7 0 50 0
1x1/8320b7 1 50 0
1x1/8320b7 2 50 0
1x1/8320b7 3 50 0
1x1/ac78ba 4 50 0
1x1/ac78ba 5 50 0
1x1/ac78ba 6 50 0
1x1/ac78ba 7 50 0
1x1/fe78b0 8 50 0
1x1/e4adc8 9 50 0
1x1/ac78ba 10 50 0
1x1/8320b7 11 50 0
1x1/4b0082 12 50 0
1x1/0a3463 13 50 0
1x1/05131d 14 50 0
1x1/4b0082 16 50 0
1x1/4b0082 17 50 0
1x1/4b0082 18 50 0
1x1/8320b7 19 50 0
1x1/4b0082 20 50 0
1x1/8320b7 21 50 0
1x1/8320b7 22 50 0
1x1/3f3691 23 50 0
1x1/3f3691 24 50 0
1x1/3f3691 25 50 0
1x1/3f3691 26 50 0
1x1/3f3691 27 50 0
1x1/3f3691 28 50 0
1x1/3f3691 29 50 0
1x1/3f3691 30 50 0
1x1/4354a3 31 50 0
1x1/27867e 32 50 0
1x1/008f9b 33 50 0
1x1/008f9b 34 50 0
1x1/008f9b 35 50 0
1x1/008f9b 36 50 0
1x1/008f9b 37 50 0
1x1/3cb371 38 50 0
1x1/237841 39 50 0
1x1/237841 40 50 0
3x3-268/05131d 41 50 0
2x6/05131d 44 50 0
1x1/05131d 46 50 0
3x3-268/05131d 49 50 0
1x1/0a3463 52 50 0
1x1/3f3691 53 50 0
1x1/1b2a34 54 50 0
2x4/05131d 55 50 0
1x1/1b2a34 57 50 0
1x1/4354a3 58 50 0
1x1/6c6e68 59 50 0
1x1/635f52 60 50 0
1x1/575857 61 50 0
1x1/1b2a34 62 50 0
1x1/1b2a34 63 50 0
1x1/ac78ba 0 51 0
1x1/9391e4 1 51 0
1x1/a3a9ff 2 51 0
1x1/e4adc8 3 51 0
1x1/e4adc8 4 51 0
1x1/e4adc8 5 51 0
1x1/ac78ba 6 51 0
1x1/8320b7 7 51 0
1x1/8320b7 8 51 0
1x1/8320b7 9 51 0
1x1/8320b7 10 51 0
1x1/3f3691 11 51 0
1x1/4b0082 12 51 0
1x1/05131d 13 51 0
1x1/05131d 14 51 0
1x1/05131d 15 51 0
1x1/05131d 16 51 0
1x1/1b2a34 17 51 0
3x3-268/3f3691 18 51 0
1x1/3f3691 21 51 0
1x1/3f3691 22 51 0
1x1/3f3691 23 51 0
1x1/3f3691 24 51 0
1x1/3f3691 25 51 0
1x1/3f3691 26 51 0
1x1/3f3691 27 51 0
1x1/3f3691 28 51 0
1x1/3f3691 29 51 0
1x1/3f3691 30 51 0
1x1/575857 31 51 0
1x1/1b2a34 32 51 0
1x1/05131d 33 51 0
1x1/05131d 34 51 0
1x1/05131d 35 51 0
1x1/1b2a34 36 51 0
1x1/05131d 37 51 0
1x1/05131d 38 51 0
1x1/1b2a34 39 51 0
1x1/05131d 40 51 0
1x1/05131d 46 51 0
1x1/05131d 52 51 0
1x1/1b2a34 53 51 0
1x1/1b2a34 54 51 0
3x3-268/1b2a34 57 51 0
1x1/1b2a34 60 51 0
1x1/1b2a34 61 51 0
1x1/237841 62 51 0
1x1/237841 63 51 0
1x1/ac78ba 0 52 0
1x1/ac78ba 1 52 0
1x1/8320b7 2 52 0
1x1/8320b7 3 52 0
1x1/8320b7 4 52 0
1x1/8320b7 5 52 0
1x1/8320b7 6 52 0
1x1/8320b7 7 52 0
1x1/8320b7 8 52 0
1x1/3f3691 9 52 0
1x1/3f3691 10 52 0
1x1/3f3691 11 52 0
1x1/3f3691 12 52 0
1x1/1b2a34 13 52 0
3x3-268/1b2a34 14 52 0
1x1/3f3691 17 52 0
1x1/3f3691 21 52 0
1x1/1b2a34 22 52 0
1x1/1b2a34 23 52 0
1x1/3f3691 24 52 0
1x1/3f3691 25 52 0
1x1/0a3463 26 52 0
1x1/0a3463 27 52 0
1x1/05131d 28 52 0
4x4-2367/05131d 29 52 0
1x1/1b2a34 33 52 0
1x1/05131d 34 52 0
1x1/05131d 35 52 0
1x1/05131d 36 52 0
1x1/3e3c39 37 52 0
1x1/3e3c39 38 52 0
1x1/05131d 39 52 0
1x1/05131d 40 52 0
1x1/05131d 46 52 0
1x1/05131d 52 52 0
1x1/05131d 53 52 0
1x1/05131d 54 52 0
1x1/05131d 60 52 0
1x1/05131d 61 52 0
1x1/05131d 62 52 0
1x1/05131d 63 52 0
1x1/3f3691 0 53 0
1x1/3f3691 1 53 0
1x1/3f3691 2 53 0
1x1/3f3691 3 53 0
1x1/3f3691 4 53 0
1x1/3f3691 5 53 0
1x1/3f3691 6 53 0
1x1/3f3691 7 53 0
1x1/3f3691 8 53 0
1x1/3f3691 9 53 0
1x1/3f3691 10 53 0
1x1/3f3691 11 53 0
1x1/3e3c39 12 53 0
1x1/1b2a34 13 53 0
1x1/354e5a 17 53 0
1x1/0a3463 21 53 0
1x1/0a3463 22 53 0
1x1/05131d 23 53 0
2x10/05131d 24 53 0
1x1/05131d 26 53 0
1x1/1b2a34 27 53 0
1x10/05131d 28 53 0
1x1/1b2a34 33 53 0
1x1/05131d 34 53 0
1x1/4b0082 35 53 0
1x1/8320b7 36 53 0
1x1/3f3691 37 53 0
1x1/4b0082 38 53 0
1x1/5f27aa 39 53 0
1x1/05131d 40 53 0
1x1/05131d 41 53 0
1x1/05131d 42 53 0
1x1/05131d 43 53 0
3x3-268/05131d 46 53 0
1x1/05131d 49 53 0
1x1/05131d 50 53 0
1x1/05131d 51 53 0
1x1/05131d 52 53 0
1x1/05131d 53 53 0
1x1/05131d 54 53 0
1x1/05131d 60 53 0
1x1/1b2a34 61 53 0
1x1/1b2a34 62 53 0
1x1/4b9f4a 63 53 0
1x1/3f3691 0 54 0
1x1/3f3691 1 54 0
1x1/1b2a34 2 54 0
1x1/3f3691 3 54 0
1x1/3f3691 4 54 0
1x1/3f3691 5 54 0
1x1/3f3691 6 54 0
1x1/3f3691 7 54 0
1x1/3f3691 8 54 0
1x1/3f3691 9 54 0
1x1/3f3691 10 54 0
1x1/354e5a 11 54 0
1x1/1b2a34 12 54 0
1x1/1b2a34 13 54 0
1x1/1b2a34 17 54 0
1x1/05131d 18 54 0
2x4/05131d 19 54 0
1x1/1b2a34 21 54 0
1x1/05131d 22 54 0
1x10/05131d 23 54 0
1x10/05131d 26 54 0
1x1/05131d 27 54 0
1x1/05131d 33 54 0
1x1/05131d 34 54 0
2x4/05131d 35 54 0
1x1/05131d 37 54 0
1x1/05131d 38 54 0
1x1/05131d 39 54 0
1x1/05131d 40 54 0
1x1/1b2a34 41 54 0
1x1/05131d 42 54 0
1x1/1b2a34 43 54 0
1x1/05131d 49 54 0
1x1/05131d 50 54 0
1x1/05131d 51 54 0
1x1/05131d 52 54 0
1x1/05131d 53 54 0
1x1/05131d 54 54 0
1x1/05131d 55 54 0
1x1/1b2a34 56 54 0
1x1/05131d 57 54 0
1x1/05131d 58 54 0
1x1/237841 59 54 0
1x1/237841 60 54 0
1x1/237841 61 54 0
1x1/05131d 62 54 0
1x1/05131d 63 54 0
3x3-268/4d4c52 0 55 0
1x1/1b2a34 3 55 0
1x1/3f3691 4 55 0
1x1/3f3691 5 55 0
1x1/3f3691 6 55 0
1x1/0a3463 7 55 0
1x1/0a3463 8 55 0
1x1/0a3463 9 55 0
1x1/1b2a34 10 55 0
1x1/1b2a34 11 55 0
1x1/1b2a34 12 55 0
1x1/1b2a34 13 55 0
1x1/05131d 14 55 0
1x1/05131d 15 55 0
1x1/05131d 16 55 0
1x1/1b2a34 17 55 0
1x1/05131d 18 55 0
1x1/05131d 21 55 0
1x1/05131d 22 55 0
1x1/05131d 27 55 0
1x1/05131d 33 55 0
1x1/05131d 34 55 0
1x1/3f3691 37 55 0
1x1/4b0082 38 55 0
1x1/3f3691 39 55 0
1x1/05131d 40 55 0
1x1/05131d 41 55 0
1x1/05131d 42 55 0
1x1/05131d 43 55 0
1x1/1b2a34 49 55 0
1x1/05131d 50 55 0
1x1/05131d 51 55 0
1x1/05131d 52 55 0
1x1/05131d 53 55 0
1x1/05131d 54 55 0
1x1/1b2a34 55 55 0
1x1/237841 56 55 0
1x1/237841 57 55 0
1x1/237841 58 55 0
2x4/05131d 59 55 0
2x4/05131d 61 55 0
1x1/05131d 63 55 0
1x1/1b2a34 3 56 0
1x1/05131d 4 56 0
1x1/1b2a34 5 56 0
1x1/1b2a34 6 56 0
1x1/1b2a34 7 56 0
1x1/05131d 8 56 0
1x1/1b2a34 9 56 0
1x1/1b2a34 10 56 0
1x1/1b2a34 11 56 0
1x1/635f52 12 56 0
2x8/05131d 13 56 0
1x1/237841 15 56 0
1x1/05131d 16 56 0
1x1/05131d 17 56 0
1x1/05131d 18 56 0
1x1/05131d 21 56 0
1x1/05131d 22 56 0
1x1/05131d 27 56 0
4x6/05131d 29 56 0
1x1/4b0082 33 56 0
1x1/3f3691 34 56 0
2x4/05131d 37 56 0
1x1/05131d 39 56 0
1x1/05131d 40 56 0
1x1/05131d 41 56 0
1x1/05131d 42 56 0
1x1/05131d 43 56 0
1x1/05131d 44 56 0
1x1/05131d 45 56 0
1x1/05131d 46 56 0
1x1/05131d 47 56 0
1x1/05131d 48 56 0
1x1/05131d 49 56 0
1x1/05131d 50 56 0
1x1/05131d 51 56 0
1x1/1b2a34 52 56 0
1x1/237841 53 56 0
1x1/4b9f4a 54 56 0
1x1/237841 55 56 0
2x8/05131d 56 56 0
1x8/05131d 58 56 0
1x1/1b2a34 63 56 0
1x1/1b2a34 3 57 0
1x1/05131d 4 57 0
4x4-2367/05131d 5 57 0
4x6/05131d 9 57 0
1x1/05131d 15 57 0
1x1/237841 16 57 0
1x1/05131d 17 57 0
1x1/05131d 18 57 0
1x1/1b2a34 21 57 0
1x1/05131d 22 57 0
1x1/05131d 27 57 0
2x4/05131d 33 57 0
1x1/05131d 39 57 0
1x1/05131d 40 57 0
1x1/05131d 41 57 0
1x1/05131d 42 57 0
1x1/05131d 43 57 0
1x1/05131d 44 57 0
1x1/05131d 45 57 0
1x1/05131d 46 57 0
1x1/05131d 47 57 0
1x1/05131d 48 57 0
1x1/237841 49 57 0
1x1/4b9f4a 50 57 0
1x1/237841 51 57 0
1x1/1b2a34 52 57 0
1x1/05131d 53 57 0
1x1/05131d 54 57 0
1x1/05131d 55 57 0
1x1/05131d 63 57 0
2x6/237841 0 58 0
1x1/237841 2 58 0
1x1/1b2a34 3 58 0
1x1/05131d 4 58 0
1x1/05131d 15 58 0
1x1/05131d 16 58 0
1x1/1b2a34 17 58 0
1x1/05131d 18 58 0
1x1/1b2a34 19 58 0
1x1/05131d 20 58 0
1x1/05131d 21 58 0
1x1/05131d 22 58 0
1x1/1b2a34 27 58 0
1x1/05131d 35 58 0
1x1/05131d 36 58 0
1x1/05131d 39 58 0
1x1/05131d 40 58 0
1x1/05131d 41 58 0
1x1/05131d 42 58 0
1x1/05131d 43 58 0
1x1/05131d 44 58 0
1x1/05131d 45 58 0
1x1/237841 46 58 0
1x1/237841 47 58 0
1x1/237841 48 58 0
1x1/05131d 49 58 0
1x1/05131d 50 58 0
1x1/05131d 51 58 0
1x1/05131d 52 58 0
1x1/05131d 53 58 0
1x1/05131d 54 58 0
1x1/05131d 55 58 0
1x1/05131d 63 58 0
1x1/3cb371 2 59 0
1x1/237841 3 59 0
1x1/05131d 4 59 0
3x3-268/05131d 15 59 0
1x1/1b2a34 18 59 0
1x1/05131d 19 59 0
1x1/184632 20 59 0
1x1/1b2a34 21 59 0
1x1/237841 22 59 0
1x1/05131d 27 59 0
1x1/05131d 35 59 0
1x1/05131d 36 59 0
1x1/05131d 39 59 0
1x1/05131d 40 59 0
1x1/05131d 41 59 0
1x1/1b2a34 42 59 0
1x1/237841 43 59 0
1x1/237841 44 59 0
1x1/237841 45 59 0
1x1/05131d 46 59 0
1x1/05131d 47 59 0
1x1/05131d 48 59 0
1x1/05131d 49 59 0
1x1/05131d 50 59 0
1x1/05131d 51 59 0
1x1/05131d 52 59 0
1x1/1b2a34 53 59 0
1x1/4b0082 54 59 0
1x1/1b2a34 55 59 0
1x1/05131d 59 59 0
1x1/05131d 60 59 0
1x1/05131d 61 59 0
1x1/05131d 62 59 0
1x1/05131d 63 59 0
1x1/237841 2 60 0
1x1/3cb371 3 60 0
1x1/1b2a34 4 60 0
4x4-2367/05131d 18 60 0
1x1/05131d 22 60 0
1x1/05131d 27 60 0
1x1/05131d 35 60 0
1x1/05131d 36 60 0
1x1/05131d 37 60 0
1x1/05131d 38 60 0
1x1/05131d 39 60 0
1x1/3cb371 40 60 0
1x1/237841 41 60 0
1x1/184632 42 60 0
1x1/05131d 43 60 0
1x1/05131d 44 60 0
1x1/05131d 45 60 0
1x1/05131d 46 60 0
1x1/05131d 47 60 0
1x1/05131d 48 60 0
1x1/05131d 49 60 0
1x1/4b0082 50 60 0
4x4-2367/3f3691 51 60 0
1x1/4b0082 55 60 0
1x1/05131d 59 60 0
1x1/0a3463 60 60 0
1x1/0a3463 61 60 0
2x4/1b2a34 62 60 0
1x1/237841 2 61 0
1x1/237841 3 61 0
1x1/237841 4 61 0
1x1/237841 5 61 0
1x1/05131d 6 61 0
1x1/05131d 7 61 0
1x1/05131d 8 61 0
1x1/05131d 22 61 0
1x1/05131d 27 61 0
1x1/05131d 33 61 0
1x1/05131d 34 61 0
1x1/05131d 35 61 0
1x1/237841 36 61 0
1x1/237841 37 61 0
1x1/237841 38 61 0
1x1/1b2a34 39 61 0
1x1/05131d 40 61 0
1x1/05131d 41 61 0
1x1/05131d 42 61 0
1x1/05131d 43 61 0
1x1/05131d 44 61 0
1x1/05131d 45 61 0
1x1/05131d 46 61 0
1x1/4b0082 47 61 0
3x3-268/3f3691 48 61 0
1x1/4b0082 55 61 0
1x1/05131d 59 61 0
1x1/4b0082 60 61 0
1x1/0a3463 61 61 0
1x1/1b2a34 2 62 0
1x1/1b2a34 3 62 0
1x1/1b2a34 4 62 0
1x1/237841 5 62 0
1x1/4b9f4a 6 62 0
1x1/05131d 7 62 0
1x1/05131d 8 62 0
1x1/05131d 15 62 0
1x1/05131d 16 62 0
1x1/05131d 17 62 0
1x1/05131d 22 62 0
1x1/05131d 27 62 0
1x1/05131d 29 62 0
1x1/05131d 30 62 0
1x1/05131d 31 62 0
1x1/1b2a34 32 62 0
1x1/237841 33 62 0
1x1/237841 34 62 0
1x1/237841 35 62 0
1x1/05131d 36 62 0
1x1/05131d 37 62 0
1x1/05131d 38 62 0
1x1/05131d 39 62 0
1x1/05131d 40 62 0
1x1/05131d 41 62 0
1x1/05131d 42 62 0
1x1/05131d 43 62 0
1x1/05131d 44 62 0
1x1/05131d 45 62 0
1x1/4b0082 46 62 0
1x1/3f3691 47 62 0
1x1/4b0082 55 62 0
1x1/05131d 59 62 0
1x1/4b0082 60 62 0
1x1/0a3463 61 62 0
1x1/1b2a34 2 63 0
1x1/1b2a34 3 63 0
1x1/1b2a34 4 63 0
1x1/1b2a34 5 63 0
1x1/237841 6 63 0
1x1/3cb371 7 63 0
1x1/05131d 8 63 0
1x1/05131d 9 63 0
1x1/05131d 10 63 0
1x1/05131d 11 63 0
1x1/05131d 12 63 0
1x1/05131d 15 63 0
1x1/05131d 16 63 0
1x1/05131d 17 63 0
1x1/05131d 22 63 0
1x1/05131d 24 63 0
1x1/05131d 25 63 0
1x1/05131d 27 63 0
1x1/05131d 28 63 0
1x1/05131d 29 63 0
1x1/237841 30 63 0
1x1/4b9f4a 31 63 0
1x1/184632 32 63 0
1x1/05131d 33 63 0
1x1/05131d 34 63 0
1x1/05131d 35 63 0
1x1/05131d 36 63 0
1x1/05131d 37 63 0
1x1/05131d 38 63 0
1x1/05131d 39 63 0
1x1/05131d 40 63 0
1x1/05131d 41 63 0
1x1/05131d 42 63 0
1x1/05131d 43 63 0
1x1/05131d 44 63 0
1x1/05131d 45 63 0
1x1/4b0082 46 63 0
1x1/4b0082 47 63 0
1x1/4b0082 55 63 0
1x1/05131d 59 63 0
1x1/4b0082 60 63 0
1x1/0a3463 61 63 0
