2965 65.23 7682833 1914
1x1/583927 0 0 0
1x1/05131d 1 0 0
1x1/184632 2 0 0
1x1/583927 3 0 0
1x1/05131d 4 0 0
1x2/352100 5 0 0
1x1/583927 6 0 0
1x1/05131d 7 0 0
1x1/05131d 8 0 0
1x1/05131d 9 0 0
1x1/05131d 10 0 0
1x1/05131d 11 0 0
1x1/05131d 12 0 0
1x1/635f52 13 0 0
2x2-1/3e3c39 14 0 0
1x1/5e5e5e 16 0 0
1x1/e4adc8 17 0 0
2x2-1/c9cae2 18 0 0
1x1/e4adc8 20 0 0
2x2-1/e1d5ed 21 0 0
1x1/cfe2f7 23 0 0
1x2/e1d5ed 24 0 0
1x1/c1dff0 25 0 0
1x1/cfe2f7 26 0 0
1x1/cfe2f7 27 0 0
1x1/cfe2f7 28 0 0
1x1/cfe2f7 29 0 0
1x1/e4adc8 30 0 0
1x1/f9f1c7 31 0 0
1x1/e4adc8 32 0 0
1x1/f6d7b3 33 0 0
1x1/872b17 34 0 0
1x1/915c3c 35 0 0
1x1/583927 36 0 0
1x1/635f52 37 0 0
1x1/8d73b3 38 0 0
2x2-1/c9cae2 39 0 0
2x2-1/c9cae2 41 0 0
3x3-268/c9cae2 43 0 0
2x4/c9cae2 46 0 0
1x1/a5a5cb 48 0 0
2x2-1/a3a9ff 49 0 0
3x3-268/a3a9ff 51 0 0
1x4/a3a9ff 54 0 0
1x1/9391e4 55 0 0
1x1/9391e4 56 0 0
1x1/a5a5cb 57 0 0
1x1/9195ca 58 0 0
1x1/9195ca 59 0 0
2x2-1/9391e4 60 0 0
2x2-1/9391e4 62 0 0
1x1/583927 0 1 0
1x1/05131d 1 1 0
1x1/583927 2 1 0
1x1/583927 3 1 0
1x1/595d60 4 1 0
1x4/352100 6 1 0
1x1/05131d 7 1 0
1x1/05131d 8 1 0
1x1/583927 9 1 0
1x1/05131d 10 1 0
1x1/05131d 11 1 0
1x1/583927 12 1 0
1x1/05131d 13 1 0
1x1/05131d 16 1 0
1x1/96709f 17 1 0
1x1/cfe2f7 20 1 0
1x1/cfe2f7 23 1 0
1x1/cfe2f7 25 1 0
1x1/cfe2f7 26 1 0
1x1/fcfcfc 27 1 0
1x1/a5a5cb 28 1 0
1x1/96709f 29 1 0
1x1/96709f 30 1 0
1x1/923978 31 1 0
1x1/583927 32 1 0
1x1/965336 33 1 0
1x1/ad6140 34 1 0
1x1/b48455 35 1 0
1x1/ad6140 36 1 0
1x2/ad6140 37 1 0
1x1/8e5597 38 1 0
1x1/a5a5cb 48 1 0
2x2-1/a3a9ff 55 1 0
3x3-268/a3a9ff 57 1 0
1x1/6c6e68 0 2 0
1x1/05131d 1 2 0
1x1/595d60 2 2 0
1x1/595d60 3 2 0
1x1/583927 4 2 0
1x1/583927 5 2 0
1x2/352100 7 2 0
1x1/05131d 8 2 0
1x1/583927 9 2 0
1x1/583927 10 2 0
1x1/583927 11 2 0
1x1/583927 12 2 0
1x1/583927 13 2 0
1x1/05131d 14 2 0
1x1/583927 15 2 0
1x1/583927 16 2 0
1x1/05131d 17 2 0
1x1/cfe2f7 18 2 0
1x1/cfe2f7 19 2 0
1x1/e4adc8 20 2 0
1x1/dec69c 21 2 0
1x1/b67b50 22 2 0
1x1/f9f1c7 23 2 0
1x1/e4adc8 24 2 0
1x1/96709f 25 2 0
1x1/8e5597 26 2 0
1x1/583927 27 2 0
1x1/923978 28 2 0
1x2/6b5a5a 29 2 0
1x1/595d60 30 2 0
1x1/583927 31 2 0
1x1/0a3463 32 2 0
1x1/635f52 33 2 0
1x1/b4a774 34 2 0
1x1/b67b50 35 2 0
1x1/915c3c 36 2 0
1x1/595d60 38 2 0
1x1/8e5597 39 2 0
1x1/cfe2f7 40 2 0
1x2/e1d5ed 41 2 0
1x1/cfe2f7 42 2 0
1x1/c1dff0 48 2 0
1x2/c9cae2 49 2 0
1x1/a5a5cb 50 2 0
2x2-1/a3a9ff 60 2 0
2x3-1/a3a9ff 62 2 0
1x1/8e5597 0 3 0
1x1/96709f 1 3 0
1x1/05131d 2 3 0
1x1/96709f 3 3 0
1x1/583927 4 3 0
1x1/05131d 5 3 0
1x1/583927 8 3 0
1x1/05131d 9 3 0
1x1/583927 10 3 0
1x1/583927 11 3 0
1x1/05131d 12 3 0
1x2/57392c 13 3 0
1x1/05131d 14 3 0
1x1/05131d 15 3 0
1x1/05131d 16 3 0
1x1/583927 17 3 0
1x1/4b0082 18 3 0
1x2/e4adc8 19 3 0
1x1/b48455 20 3 0
1x1/f2705e 21 3 0
1x1/febabd 22 3 0
1x1/583927 23 3 0
1x1/923978 24 3 0
1x1/8e5597 25 3 0
1x1/05131d 26 3 0
1x2/96709f 27 3 0
1x1/5e5e5e 28 3 0
1x1/595d60 30 3 0
1x1/635f52 31 3 0
1x1/0a3463 32 3 0
1x1/6c6e68 33 3 0
1x1/923978 34 3 0
1x1/f7ad63 35 3 0
1x1/b67b50 36 3 0
1x1/f2705e 37 3 0
1x2/bd7d85 38 3 0
1x1/4b0082 39 3 0
1x1/8e5597 40 3 0
1x1/cfe2f7 42 3 0
2x2-1/e1d5ed 43 3 0
1x1/cfe2f7 45 3 0
1x1/cfe2f7 48 3 0
1x1/cfe2f7 50 3 0
1x1/c1dff0 51 3 0
1x1/c1dff0 52 3 0
1x3/c9cae2 53 3 0
2x4/c9cae2 55 3 0
1x1/595d60 0 4 0
1x1/184632 1 4 0
1x1/635f52 2 4 0
1x1/05131d 3 4 0
1x1/4b0082 4 4 0
1x1/583927 5 4 0
1x1/05131d 7 4 0
1x4/05131d 8 4 0
1x1/05131d 9 4 0
1x1/05131d 10 4 0
1x1/583927 11 4 0
1x1/583927 12 4 0
1x1/583927 14 4 0
1x1/583927 15 4 0
1x1/05131d 16 4 0
1x1/05131d 17 4 0
1x1/595d60 18 4 0
1x1/a5a5cb 20 4 0
1x1/a5a5cb 21 4 0
1x1/a5a5cb 22 4 0
1x1/923978 23 4 0
1x1/595d60 24 4 0
1x1/96709f 25 4 0
1x1/0a3463 26 4 0
1x1/8e5597 28 4 0
1x2/845e84 29 4 0
1x1/4b0082 30 4 0
1x2/6b5a5a 31 4 0
1x1/05131d 32 4 0
1x1/635f52 33 4 0
1x1/915c3c 34 4 0
1x1/f2705e 35 4 0
1x1/b67b50 36 4 0
1x1/f7ad63 37 4 0
1x1/0a3463 39 4 0
1x2/3f3691 40 4 0
1x1/a5a5cb 41 4 0
1x1/cfe2f7 42 4 0
1x1/635f52 45 4 0
1x1/923978 46 4 0
1x1/5e5e5e 47 4 0
1x1/923978 48 4 0
1x1/635f52 49 4 0
1x1/5e5e5e 50 4 0
1x1/595d60 51 4 0
1x1/cfe2f7 52 4 0
1x3/c9cae2 54 4 0
1x3/c9cae2 57 4 0
1x1/a5a5cb 58 4 0
2x2-1/c9cae2 59 4 0
1x1/a5a5cb 61 4 0
1x1/05131d 0 5 0
1x1/05131d 1 5 0
1x1/05131d 2 5 0
1x1/05131d 3 5 0
1x1/05131d 4 5 0
1x1/05131d 5 5 0
1x1/05131d 6 5 0
1x1/05131d 7 5 0
1x1/05131d 9 5 0
1x1/583927 10 5 0
1x1/583927 11 5 0
1x1/583927 12 5 0
1x1/583927 13 5 0
1x1/583927 14 5 0
1x3/57392c 15 5 0
1x1/05131d 16 5 0
1x1/05131d 17 5 0
1x1/05131d 18 5 0
1x1/595d60 19 5 0
1x1/7396c8 20 5 0
1x1/5f27aa 21 5 0
1x1/0a3463 22 5 0
1x1/595d60 23 5 0
1x1/5e5e5e 24 5 0
1x1/8e5597 25 5 0
1x1/595d60 26 5 0
1x1/e4adc8 27 5 0
1x1/e4adc8 28 5 0
1x1/8e5597 30 5 0
1x1/595d60 32 5 0
1x1/b67b50 33 5 0
1x1/b48455 34 5 0
1x1/f3c988 35 5 0
1x1/f2705e 36 5 0
1x1/923978 37 5 0
1x1/6c6e68 38 5 0
1x2/845e84 39 5 0
1x3/3f3691 41 5 0
1x1/fcfcfc 42 5 0
1x1/96709f 43 5 0
1x1/5e5e5e 44 5 0
1x1/595d60 45 5 0
1x1/583927 46 5 0
1x1/6c6e68 47 5 0
1x1/595d60 48 5 0
2x3-1/845e84 49 5 0
1x1/923978 51 5 0
1x1/a5a5cb 52 5 0
1x2/c9cae2 58 5 0
1x1/c1dff0 61 5 0
1x1/c1dff0 62 5 0
1x1/c1dff0 63 5 0
1x1/635f52 0 6 0
1x1/583927 1 6 0
1x1/05131d 2 6 0
1x1/05131d 3 6 0
1x1/0a3463 4 6 0
1x1/583927 5 6 0
2x2-1/352100 6 6 0
1x2/352100 9 6 0
1x1/05131d 10 6 0
1x3/3e3c39 11 6 0
1x1/583927 12 6 0
1x1/05131d 13 6 0
1x2/330000 14 6 0
1x1/05131d 16 6 0
1x1/05131d 17 6 0
2x3-1/05131d 18 6 0
1x1/5e5e5e 20 6 0
1x1/ac78ba 21 6 0
1x1/a5a9b4 22 6 0
1x1/595d60 23 6 0
1x1/8e5597 24 6 0
1x1/ac78ba 25 6 0
1x1/96709f 26 6 0
1x2/845e84 27 6 0
1x1/96709f 28 6 0
1x2/3f3691 29 6 0
1x3/0a3463 30 6 0
1x1/0a3463 31 6 0
1x1/595d60 32 6 0
1x1/595d60 33 6 0
1x1/595d60 34 6 0
1x1/6c6e68 35 6 0
1x1/cd6298 36 6 0
1x1/96709f 37 6 0
1x1/5e5e5e 38 6 0
1x1/96709f 40 6 0
1x1/4b0082 42 6 0
1x1/e4adc8 43 6 0
1x1/923978 44 6 0
1x1/5e5e5e 45 6 0
1x1/96709f 46 6 0
1x1/583927 47 6 0
1x1/cd6298 48 6 0
1x2/845e84 51 6 0
1x1/595d60 52 6 0
1x1/cfe2f7 53 6 0
1x2/e1d5ed 59 6 0
1x1/cfe2f7 60 6 0
2x2-1/e1d5ed 61 6 0
1x3/e1d5ed 63 6 0
1x1/05131d 0 7 0
1x1/05131d 1 7 0
1x1/583927 2 7 0
1x1/05131d 3 7 0
1x1/05131d 4 7 0
1x1/583927 5 7 0
1x1/05131d 10 7 0
1x2/57392c 12 7 0
1x1/583927 13 7 0
1x1/583927 16 7 0
1x1/05131d 17 7 0
1x1/05131d 20 7 0
1x1/923978 21 7 0
1x1/0a3463 22 7 0
1x1/6074a1 23 7 0
1x1/4b0082 24 7 0
1x1/8e5597 25 7 0
1x2/845e84 26 7 0
1x1/595d60 28 7 0
1x1/595d60 31 7 0
1x1/595d60 32 7 0
1x1/96709f 33 7 0
1x2/845e84 34 7 0
1x1/8e5597 35 7 0
1x2/96709f 36 7 0
1x1/4b0082 37 7 0
1x1/595d60 38 7 0
1x1/96709f 39 7 0
1x1/5e5e5e 40 7 0
1x1/595d60 42 7 0
1x1/8e5597 43 7 0
1x1/ad6140 44 7 0
1x1/923978 45 7 0
1x1/635f52 46 7 0
1x1/96709f 47 7 0
1x1/595d60 48 7 0
1x1/595d60 52 7 0
1x1/e4adc8 53 7 0
1x2/e1d5ed 54 7 0
1x1/cfe2f7 55 7 0
2x2-1/e1d5ed 56 7 0
1x1/cfe2f7 58 7 0
1x1/dcbc81 60 7 0
1x1/05131d 0 8 0
1x1/583927 1 8 0
1x1/583927 2 8 0
1x1/583927 3 8 0
1x2/582a12 4 8 0
1x1/583927 5 8 0
1x1/583927 6 8 0
1x1/05131d 7 8 0
1x1/05131d 8 8 0
1x1/583927 9 8 0
1x1/635f52 10 8 0
1x2/5e3f33 13 8 0
1x1/583927 14 8 0
1x1/583927 15 8 0
1x1/583927 16 8 0
1x4/3e3c39 17 8 0
1x1/05131d 20 8 0
1x1/583927 21 8 0
1x1/8e5597 22 8 0
1x1/5e5e5e 23 8 0
1x1/595d60 24 8 0
1x1/595d60 25 8 0
1x1/595d60 27 8 0
1x1/aa4d8e 28 8 0
1x1/8e5597 29 8 0
1x1/0a3463 31 8 0
1x2/845e84 32 8 0
1x1/595d60 33 8 0
1x2/bd7d85 35 8 0
1x1/5f27aa 37 8 0
1x1/595d60 38 8 0
1x1/595d60 39 8 0
1x1/595d60 40 8 0
1x1/0a3463 41 8 0
1x1/595d60 42 8 0
1x1/8d73b3 43 8 0
1x3/96709f 44 8 0
1x1/6c6e68 45 8 0
1x1/583927 46 8 0
1x3/845e84 47 8 0
1x1/923978 48 8 0
1x3/6b5a5a 49 8 0
1x1/96709f 50 8 0
1x1/595d60 51 8 0
1x1/0a3463 52 8 0
1x1/4b0082 53 8 0
1x1/cfe2f7 55 8 0
1x1/ac78ba 58 8 0
1x1/965336 59 8 0
1x1/965336 60 8 0
1x1/b67b50 61 8 0
1x1/fcfcfc 62 8 0
1x1/05131d 0 9 0
1x1/05131d 1 9 0
1x1/05131d 2 9 0
1x1/05131d 3 9 0
1x1/05131d 5 9 0
1x1/583927 6 9 0
1x1/05131d 7 9 0
1x1/05131d 8 9 0
1x1/05131d 9 9 0
1x1/583927 10 9 0
1x1/583927 11 9 0
1x1/635f52 12 9 0
1x2/582a12 14 9 0
1x1/583927 15 9 0
1x1/583927 16 9 0
1x1/05131d 18 9 0
1x1/05131d 19 9 0
1x1/05131d 20 9 0
1x1/05131d 21 9 0
1x1/583927 22 9 0
1x1/8e5597 23 9 0
1x1/cd6298 24 9 0
1x1/595d60 25 9 0
1x1/aa4d8e 26 9 0
1x1/ad6140 27 9 0
1x1/915c3c 28 9 0
1x1/b67b50 29 9 0
1x1/595d60 30 9 0
1x1/4b0082 31 9 0
1x2/845e84 33 9 0
1x1/aa4d8e 34 9 0
1x1/ad6140 36 9 0
1x1/635f52 37 9 0
1x1/aa4d8e 38 9 0
1x1/595d60 39 9 0
1x1/8e5597 40 9 0
1x1/595d60 41 9 0
1x1/6c6e68 42 9 0
1x1/6074a1 43 9 0
1x1/583927 45 9 0
1x1/6c6e68 46 9 0
1x1/635f52 48 9 0
1x1/6c6e68 50 9 0
1x1/cd6298 51 9 0
1x1/595d60 52 9 0
1x1/595d60 53 9 0
1x1/4b0082 54 9 0
1x1/ac78ba 55 9 0
1x1/fcfcfc 56 9 0
1x1/ffcb78 57 9 0
1x1/b67b50 58 9 0
1x1/b67b50 59 9 0
1x1/aa4d8e 60 9 0
1x1/dd9e47 61 9 0
1x1/965336 62 9 0
1x1/ffffff 63 9 0
1x1/05131d 0 10 0
1x1/05131d 1 10 0
1x1/05131d 2 10 0
1x1/05131d 3 10 0
1x1/05131d 4 10 0
1x1/05131d 5 10 0
1x1/583927 6 10 0
1x1/05131d 7 10 0
1x1/05131d 8 10 0
1x1/05131d 9 10 0
1x1/583927 10 10 0
1x1/583927 11 10 0
1x1/583927 12 10 0
1x1/635f52 13 10 0
1x1/635f52 15 10 0
1x1/583927 16 10 0
1x1/05131d 18 10 0
1x1/184632 19 10 0
1x1/05131d 20 10 0
1x1/05131d 21 10 0
1x1/05131d 22 10 0
1x1/923978 23 10 0
1x2/6b5a5a 24 10 0
1x1/cfe2f7 25 10 0
1x1/923978 26 10 0
1x1/923978 27 10 0
1x1/923978 28 10 0
1x1/923978 29 10 0
1x1/583927 30 10 0
1x1/595d60 31 10 0
1x1/aa4d8e 32 10 0
1x1/b67b50 34 10 0
1x1/b67b50 35 10 0
1x1/6c6e68 36 10 0
1x1/583927 37 10 0
1x1/ad6140 38 10 0
1x1/635f52 39 10 0
1x1/923978 40 10 0
1x1/583927 41 10 0
1x1/595d60 42 10 0
1x1/595d60 43 10 0
1x1/6c6e68 45 10 0
1x1/595d60 46 10 0
1x1/b67b50 48 10 0
1x1/aa4d8e 50 10 0
1x1/b67b50 51 10 0
1x1/ad6140 52 10 0
1x1/4b0082 53 10 0
1x1/0a3463 54 10 0
1x1/923978 55 10 0
1x1/595d60 56 10 0
1x1/aa4d8e 57 10 0
1x1/6c6e68 58 10 0
1x1/8e5597 59 10 0
1x1/96709f 60 10 0
1x1/96709f 61 10 0
1x1/8e5597 62 10 0
1x1/aa4d8e 63 10 0
1x1/05131d 0 11 0
1x1/583927 1 11 0
1x1/05131d 2 11 0
1x1/05131d 3 11 0
1x1/583927 4 11 0
1x1/05131d 5 11 0
1x1/583927 6 11 0
1x1/05131d 7 11 0
1x1/583927 8 11 0
1x1/583927 9 11 0
1x1/583927 10 11 0
1x1/05131d 11 11 0
1x1/583927 12 11 0
1x1/965336 13 11 0
1x1/583927 14 11 0
1x1/915c3c 15 11 0
1x1/583927 16 11 0
1x1/05131d 18 11 0
1x1/583927 19 11 0
1x1/05131d 20 11 0
1x3/0a1327 21 11 0
1x1/05131d 22 11 0
1x1/05131d 23 11 0
1x1/4b0082 25 11 0
1x1/4b0082 26 11 0
1x1/583927 27 11 0
1x3/6b5a5a 28 11 0
1x4/845e84 29 11 0
1x1/8e5597 30 11 0
1x1/8e5597 31 11 0
1x1/595d60 32 11 0
1x1/583927 33 11 0
1x1/583927 34 11 0
1x2/6b5a5a 35 11 0
1x1/583927 36 11 0
1x1/0a3463 37 11 0
1x1/583927 38 11 0
1x1/635f52 39 11 0
1x1/915c3c 40 11 0
1x1/583927 41 11 0
1x1/635f52 42 11 0
1x1/583927 43 11 0
1x1/e4adc8 44 11 0
1x1/583927 45 11 0
1x1/635f52 46 11 0
1x1/b67b50 47 11 0
1x2/5e3f33 48 11 0
1x1/965336 49 11 0
1x1/915c3c 50 11 0
1x1/965336 51 11 0
1x1/f2705e 52 11 0
1x1/965336 53 11 0
1x1/4b0082 54 11 0
1x1/583927 55 11 0
1x1/965336 56 11 0
1x1/0a3463 57 11 0
1x1/595d60 58 11 0
1x1/595d60 59 11 0
1x1/595d60 60 11 0
1x1/595d60 61 11 0
1x1/595d60 62 11 0
1x1/6c6e68 63 11 0
1x1/05131d 0 12 0
2x2-1/352100 1 12 0
1x1/05131d 3 12 0
1x1/05131d 4 12 0
1x1/05131d 5 12 0
1x1/05131d 6 12 0
1x1/05131d 7 12 0
1x1/05131d 8 12 0
1x1/05131d 9 12 0
1x1/05131d 10 12 0
1x2/330000 11 12 0
1x1/583927 12 12 0
1x1/583927 13 12 0
1x1/05131d 14 12 0
1x1/05131d 15 12 0
1x1/05131d 16 12 0
1x1/635f52 17 12 0
1x1/595d60 18 12 0
1x1/595d60 19 12 0
1x1/583927 20 12 0
1x1/05131d 22 12 0
1x1/05131d 23 12 0
1x1/05131d 24 12 0
1x1/595d60 25 12 0
1x1/595d60 26 12 0
1x1/6c6e68 27 12 0
1x1/595d60 30 12 0
1x2/6b5a5a 31 12 0
1x2/845e84 32 12 0
1x1/595d60 33 12 0
1x1/583927 34 12 0
1x1/96709f 36 12 0
1x1/4b0082 37 12 0
1x1/595d60 38 12 0
1x1/595d60 39 12 0
1x1/583927 40 12 0
1x1/915c3c 41 12 0
1x1/4b0082 42 12 0
1x1/595d60 43 12 0
1x1/595d60 44 12 0
1x1/e4adc8 45 12 0
1x1/583927 46 12 0
1x1/915c3c 47 12 0
1x5/6b5a5a 49 12 0
1x1/6c6e68 50 12 0
1x3/6b5a5a 51 12 0
1x1/635f52 52 12 0
1x1/595d60 53 12 0
1x1/915c3c 54 12 0
1x1/05131d 55 12 0
1x1/583927 56 12 0
1x1/583927 57 12 0
1x2/6b5a5a 58 12 0
1x2/845e84 59 12 0
1x1/8e5597 60 12 0
2x2-1/845e84 61 12 0
1x1/8e5597 63 12 0
1x2/352100 0 13 0
1x1/05131d 3 13 0
1x1/583927 4 13 0
1x1/184632 5 13 0
1x1/05131d 6 13 0
1x1/05131d 7 13 0
1x1/05131d 8 13 0
1x1/635f52 9 13 0
1x1/635f52 10 13 0
1x4/1b2a34 12 13 0
1x1/184632 13 13 0
1x1/184632 14 13 0
1x1/05131d 15 13 0
1x1/184632 16 13 0
1x1/184632 17 13 0
1x1/872b17 18 13 0
1x1/184632 19 13 0
1x1/05131d 20 13 0
1x1/05131d 22 13 0
1x1/05131d 23 13 0
1x1/05131d 24 13 0
1x1/4b0082 25 13 0
1x1/635f52 26 13 0
1x1/595d60 27 13 0
1x1/635f52 30 13 0
1x1/595d60 33 13 0
1x1/595d60 34 13 0
1x1/8e5597 35 13 0
1x1/8e5597 36 13 0
1x1/595d60 37 13 0
1x1/595d60 38 13 0
1x1/595d60 39 13 0
1x1/6c6e68 40 13 0
1x1/595d60 41 13 0
1x1/595d60 42 13 0
2x2-1/6b5a5a 43 13 0
1x1/a5a9b4 45 13 0
1x1/635f52 46 13 0
1x1/915c3c 47 13 0
1x1/595d60 48 13 0
1x3/6b5a5a 50 13 0
1x2/845e84 52 13 0
1x1/6c6e68 53 13 0
1x1/595d60 54 13 0
1x1/05131d 55 13 0
1x1/4b0082 56 13 0
1x1/595d60 57 13 0
1x1/595d60 60 13 0
1x1/96709f 63 13 0
1x1/872b17 1 14 0
1x1/184632 2 14 0
1x1/05131d 3 14 0
1x1/05131d 4 14 0
1x1/05131d 5 14 0
1x1/184632 6 14 0
1x1/05131d 7 14 0
1x1/05131d 8 14 0
1x1/05131d 9 14 0
1x1/05131d 10 14 0
1x1/635f52 11 14 0
1x1/05131d 13 14 0
1x1/05131d 14 14 0
1x1/184632 15 14 0
1x1/05131d 16 14 0
1x1/05131d 17 14 0
1x1/184632 18 14 0
1x1/184632 19 14 0
1x1/05131d 20 14 0
1x1/05131d 21 14 0
1x1/05131d 22 14 0
1x1/05131d 23 14 0
1x1/05131d 24 14 0
1x1/05131d 25 14 0
1x1/635f52 26 14 0
1x1/aa4d8e 27 14 0
1x1/184632 28 14 0
1x1/915c3c 30 14 0
1x1/635f52 31 14 0
1x1/635f52 32 14 0
1x1/872b17 33 14 0
1x1/0a3463 34 14 0
1x1/595d60 35 14 0
1x1/595d60 36 14 0
1x1/595d60 37 14 0
1x1/0a3463 38 14 0
1x1/595d60 39 14 0
1x1/595d60 40 14 0
1x1/4b0082 41 14 0
1x1/184632 42 14 0
1x1/595d60 45 14 0
1x1/cd6298 46 14 0
1x1/635f52 47 14 0
1x1/6c6e68 48 14 0
1x1/595d60 53 14 0
1x1/4b0082 54 14 0
1x1/4b0082 55 14 0
1x1/0a3463 56 14 0
1x1/595d60 57 14 0
1x1/595d60 58 14 0
1x1/635f52 59 14 0
1x1/184632 60 14 0
1x1/595d60 61 14 0
1x1/635f52 62 14 0
1x2/5e3f33 63 14 0
1x1/879867 0 15 0
1x1/184632 1 15 0
1x1/05131d 2 15 0
1x1/184632 3 15 0
1x1/05131d 4 15 0
1x1/635f52 5 15 0
1x1/184632 6 15 0
1x2/352100 7 15 0
1x1/05131d 8 15 0
1x1/595d60 9 15 0
1x1/05131d 10 15 0
1x3/3e3c39 11 15 0
1x1/05131d 13 15 0
1x1/05131d 14 15 0
1x1/05131d 15 15 0
1x1/05131d 16 15 0
1x1/05131d 17 15 0
1x1/05131d 18 15 0
1x1/05131d 19 15 0
1x1/184632 20 15 0
1x1/05131d 21 15 0
1x1/635f52 22 15 0
1x4/05131d 23 15 0
1x1/05131d 24 15 0
1x1/05131d 25 15 0
1x1/0a3463 26 15 0
1x2/6b5a5a 27 15 0
1x1/635f52 28 15 0
1x1/6c6e68 29 15 0
1x1/915c3c 30 15 0
1x1/635f52 31 15 0
1x1/872b17 32 15 0
1x1/184632 33 15 0
1x1/965336 34 15 0
1x1/184632 35 15 0
1x1/4b0082 36 15 0
1x1/595d60 37 15 0
1x1/0a3463 38 15 0
1x1/595d60 39 15 0
1x1/0a3463 40 15 0
1x1/595d60 41 15 0
1x2/354e5a 42 15 0
1x1/4b0082 43 15 0
1x2/6b5a5a 44 15 0
1x3/4d4c52 45 15 0
1x2/845e84 46 15 0
1x1/96709f 47 15 0
1x1/595d60 48 15 0
1x1/595d60 51 15 0
1x1/595d60 52 15 0
1x1/635f52 53 15 0
1x1/595d60 54 15 0
1x1/0a3463 55 15 0
1x1/0a3463 56 15 0
1x1/0a3463 57 15 0
1x1/635f52 58 15 0
1x1/595d60 59 15 0
1x2/6b5a5a 60 15 0
1x1/635f52 61 15 0
1x1/595d60 62 15 0
1x1/0a3463 0 16 0
1x1/635f52 1 16 0
1x1/872b17 2 16 0
1x1/184632 3 16 0
1x1/184632 4 16 0
1x1/05131d 5 16 0
1x1/05131d 6 16 0
1x1/595d60 8 16 0
1x1/595d60 9 16 0
1x1/595d60 10 16 0
1x1/05131d 13 16 0
1x1/05131d 14 16 0
1x1/05131d 15 16 0
1x1/05131d 16 16 0
1x1/05131d 17 16 0
1x1/05131d 18 16 0
1x1/05131d 19 16 0
2x3-1/05131d 20 16 0
1x1/05131d 22 16 0
1x1/05131d 24 16 0
1x1/05131d 25 16 0
1x4/05131d 26 16 0
1x3/764d3b 28 16 0
1x1/635f52 29 16 0
1x1/635f52 30 16 0
1x1/915c3c 31 16 0
1x1/635f52 32 16 0
1x1/635f52 33 16 0
1x1/872b17 34 16 0
1x1/872b17 35 16 0
1x1/635f52 36 16 0
1x1/635f52 37 16 0
1x1/0a3463 38 16 0
1x1/6c6e68 39 16 0
1x1/184632 40 16 0
1x1/635f52 41 16 0
1x1/635f52 43 16 0
1x1/e4adc8 47 16 0
1x1/635f52 48 16 0
1x1/635f52 50 16 0
1x1/635f52 51 16 0
1x2/6b5a5a 52 16 0
1x1/635f52 53 16 0
1x1/6c6e68 54 16 0
1x1/635f52 55 16 0
1x1/635f52 56 16 0
1x1/635f52 57 16 0
1x1/635f52 58 16 0
1x1/915c3c 59 16 0
1x1/184632 61 16 0
1x4/4d4c52 62 16 0
1x1/184632 63 16 0
1x1/965336 0 17 0
1x1/635f52 1 17 0
1x2/352100 2 17 0
1x1/05131d 3 17 0
1x3/352100 4 17 0
1x1/05131d 5 17 0
1x1/184632 6 17 0
1x1/05131d 7 17 0
1x1/635f52 8 17 0
1x1/184632 9 17 0
1x1/6c6e68 10 17 0
1x1/05131d 12 17 0
1x1/635f52 13 17 0
1x1/05131d 14 17 0
1x1/05131d 15 17 0
1x1/05131d 16 17 0
1x1/05131d 17 17 0
1x1/05131d 18 17 0
1x1/05131d 19 17 0
1x1/05131d 22 17 0
1x1/05131d 24 17 0
1x1/05131d 25 17 0
1x1/184632 27 17 0
1x1/184632 29 17 0
1x1/872b17 30 17 0
1x1/635f52 31 17 0
1x1/05131d 32 17 0
1x1/184632 33 17 0
1x1/4b0082 34 17 0
1x1/0a3463 35 17 0
1x1/05131d 36 17 0
1x1/635f52 37 17 0
1x3/4d4c52 38 17 0
1x1/635f52 39 17 0
1x1/635f52 40 17 0
1x1/0a3463 41 17 0
1x1/0a3463 42 17 0
1x1/635f52 43 17 0
1x1/915c3c 44 17 0
1x3/6b5a5a 46 17 0
1x1/635f52 47 17 0
1x1/dec69c 48 17 0
1x1/915c3c 49 17 0
1x2/945148 50 17 0
1x1/635f52 51 17 0
1x1/635f52 53 17 0
1x2/6b5a5a 54 17 0
1x1/635f52 55 17 0
1x1/635f52 56 17 0
1x2/6b5a5a 57 17 0
1x1/915c3c 58 17 0
1x1/635f52 59 17 0
1x1/635f52 60 17 0
1x2/6b5a5a 61 17 0
1x1/635f52 63 17 0
1x1/05131d 0 18 0
1x1/965336 1 18 0
1x1/05131d 3 18 0
1x1/05131d 5 18 0
1x1/05131d 6 18 0
1x1/05131d 7 18 0
1x1/184632 8 18 0
1x1/6c6e68 9 18 0
1x1/635f52 10 18 0
1x1/4b0082 11 18 0
1x1/635f52 12 18 0
1x1/635f52 13 18 0
1x1/05131d 14 18 0
1x1/872b17 15 18 0
1x1/05131d 16 18 0
1x1/184632 17 18 0
1x1/05131d 18 18 0
1x1/05131d 19 18 0
1x1/05131d 22 18 0
1x1/05131d 24 18 0
1x1/05131d 25 18 0
1x1/05131d 27 18 0
1x1/6d6e5c 29 18 0
1x1/635f52 30 18 0
1x1/184632 31 18 0
1x1/0a3463 32 18 0
1x1/0a3463 33 18 0
1x3/1b2a34 34 18 0
1x1/4b0082 35 18 0
1x1/05131d 36 18 0
1x1/184632 37 18 0
1x1/635f52 39 18 0
1x1/635f52 40 18 0
1x1/4b0082 41 18 0
1x1/0a3463 42 18 0
1x1/635f52 43 18 0
1x1/184632 44 18 0
1x1/05131d 45 18 0
1x1/96709f 47 18 0
1x1/febabd 48 18 0
1x1/e4adc8 49 18 0
2x2-1/945148 51 18 0
1x1/872b17 53 18 0
1x1/635f52 55 18 0
1x1/635f52 56 18 0
1x1/184632 58 18 0
1x1/635f52 59 18 0
1x1/635f52 60 18 0
1x1/635f52 63 18 0
1x1/05131d 0 19 0
1x1/635f52 1 19 0
1x1/184632 2 19 0
1x1/872b17 3 19 0
1x2/582a12 5 19 0
1x1/05131d 6 19 0
1x1/05131d 7 19 0
1x1/05131d 8 19 0
1x1/05131d 9 19 0
1x1/6074a1 10 19 0
1x1/635f52 11 19 0
1x1/635f52 12 19 0
1x1/184632 13 19 0
1x1/a5a9b4 14 19 0
1x1/635f52 15 19 0
1x1/05131d 16 19 0
1x1/05131d 17 19 0
1x1/05131d 18 19 0
1x1/965336 19 19 0
1x1/05131d 20 19 0
1x1/05131d 21 19 0
1x1/05131d 22 19 0
1x1/05131d 23 19 0
1x1/05131d 24 19 0
1x1/05131d 25 19 0
1x1/05131d 27 19 0
1x1/635f52 28 19 0
1x1/184632 29 19 0
1x1/184632 30 19 0
1x1/635f52 31 19 0
1x1/184632 32 19 0
1x1/184632 33 19 0
1x1/635f52 35 19 0
1x1/05131d 36 19 0
1x1/635f52 37 19 0
1x1/635f52 39 19 0
1x1/635f52 40 19 0
1x1/635f52 41 19 0
1x1/6c6e68 42 19 0
1x1/6c6e68 43 19 0
1x1/635f52 44 19 0
1x1/b48455 45 19 0
1x1/635f52 47 19 0
1x1/e4adc8 48 19 0
1x1/e4adc8 49 19 0
1x1/e4adc8 50 19 0
1x1/915c3c 53 19 0
1x1/635f52 54 19 0
1x1/635f52 55 19 0
1x1/635f52 56 19 0
1x1/6c6e68 57 19 0
1x1/6c6e68 58 19 0
1x1/915c3c 59 19 0
1x1/635f52 60 19 0
1x1/635f52 61 19 0
1x1/915c3c 63 19 0
1x1/05131d 0 20 0
1x2/582a12 1 20 0
1x1/184632 2 20 0
1x1/05131d 3 20 0
1x1/872b17 4 20 0
1x6/352100 6 20 0
1x2/582a12 7 20 0
1x1/05131d 8 20 0
1x1/05131d 9 20 0
1x1/05131d 10 20 0
1x1/96709f 11 20 0
1x3/845e84 12 20 0
1x2/958a73 13 20 0
1x1/635f52 14 20 0
1x1/635f52 15 20 0
1x1/635f52 16 20 0
1x1/05131d 17 20 0
1x1/872b17 18 20 0
1x1/635f52 19 20 0
1x1/184632 20 20 0
1x1/05131d 21 20 0
1x1/635f52 22 20 0
1x1/184632 23 20 0
1x1/872b17 24 20 0
1x1/184632 25 20 0
1x1/05131d 26 20 0
1x1/05131d 27 20 0
1x1/05131d 28 20 0
1x1/635f52 29 20 0
1x1/635f52 30 20 0
1x1/6d6e5c 31 20 0
1x1/05131d 32 20 0
1x1/05131d 33 20 0
1x1/635f52 35 20 0
1x1/05131d 36 20 0
1x1/184632 37 20 0
1x1/635f52 38 20 0
1x3/845e84 39 20 0
1x1/6c6e68 40 20 0
1x1/6c6e68 41 20 0
1x1/635f52 42 20 0
1x1/b48455 43 20 0
1x1/6c6e68 44 20 0
1x1/635f52 45 20 0
1x1/635f52 46 20 0
1x1/6c6e68 47 20 0
1x1/96709f 48 20 0
1x1/f9f1c7 49 20 0
1x1/df6695 50 20 0
1x1/915c3c 51 20 0
1x2/6b5a5a 52 20 0
1x1/635f52 53 20 0
1x1/635f52 54 20 0
1x1/635f52 55 20 0
1x1/635f52 56 20 0
1x1/635f52 57 20 0
1x1/cd6298 58 20 0
1x1/b48455 59 20 0
1x1/915c3c 60 20 0
1x1/635f52 61 20 0
1x1/184632 62 20 0
1x1/635f52 63 20 0
1x1/184632 0 21 0
1x1/05131d 2 21 0
1x1/872b17 3 21 0
1x1/184632 4 21 0
1x1/05131d 5 21 0
1x1/05131d 8 21 0
1x1/184632 9 21 0
1x1/635f52 10 21 0
1x1/635f52 11 21 0
1x1/b48455 14 21 0
1x1/635f52 15 21 0
1x1/635f52 16 21 0
1x1/05131d 17 21 0
1x1/872b17 18 21 0
1x1/915c3c 19 21 0
1x1/184632 20 21 0
1x1/635f52 21 21 0
1x1/915c3c 22 21 0
1x1/872b17 23 21 0
1x1/05131d 24 21 0
1x1/635f52 25 21 0
1x1/05131d 26 21 0
1x1/05131d 27 21 0
1x1/05131d 28 21 0
1x1/05131d 29 21 0
1x1/184632 30 21 0
1x1/965336 31 21 0
1x1/05131d 32 21 0
1x1/05131d 33 21 0
1x1/4b0082 34 21 0
1x2/5e3f33 35 21 0
1x1/05131d 36 21 0
1x1/184632 37 21 0
1x1/96709f 38 21 0
1x1/aa4d8e 40 21 0
2x2-1/bd7d85 41 21 0
1x1/915c3c 43 21 0
1x1/635f52 44 21 0
1x1/05131d 45 21 0
1x1/05131d 46 21 0
1x1/635f52 47 21 0
1x1/05131d 48 21 0
1x1/cd6298 49 21 0
1x1/635f52 50 21 0
1x1/184632 51 21 0
1x1/635f52 53 21 0
1x1/915c3c 54 21 0
1x1/915c3c 55 21 0
1x3/945148 56 21 0
1x1/b67b50 57 21 0
1x1/df6695 58 21 0
1x1/df6695 59 21 0
1x3/bd7d85 60 21 0
1x1/915c3c 61 21 0
1x1/915c3c 62 21 0
1x1/915c3c 63 21 0
1x1/635f52 0 22 0
1x1/635f52 1 22 0
1x1/184632 2 22 0
1x1/05131d 3 22 0
1x1/05131d 4 22 0
1x1/872b17 5 22 0
1x1/184632 7 22 0
1x1/05131d 8 22 0
1x1/05131d 9 22 0
1x1/184632 10 22 0
1x2/6b5a5a 11 22 0
3x3-268/bd7d85 13 22 0
1x1/05131d 16 22 0
1x1/05131d 17 22 0
1x1/6c6e68 18 22 0
1x2/764d3b 19 22 0
1x1/635f52 20 22 0
1x1/05131d 21 22 0
1x1/635f52 22 22 0
1x1/05131d 23 22 0
1x1/184632 24 22 0
1x1/915c3c 25 22 0
1x1/635f52 26 22 0
1x1/635f52 27 22 0
1x1/872b17 28 22 0
1x1/05131d 29 22 0
1x1/05131d 30 22 0
1x1/635f52 31 22 0
1x1/0a3463 32 22 0
1x1/4b0082 33 22 0
1x1/635f52 34 22 0
1x3/4d4c52 36 22 0
1x1/05131d 37 22 0
1x1/8e5597 38 22 0
1x2/845e84 40 22 0
1x1/b48455 43 22 0
1x1/b48455 44 22 0
1x1/635f52 45 22 0
1x1/05131d 46 22 0
1x1/ad6140 47 22 0
1x1/b48455 48 22 0
1x1/e4adc8 49 22 0
1x1/965336 50 22 0
1x1/915c3c 51 22 0
1x1/ad6140 52 22 0
1x1/ad6140 53 22 0
1x1/635f52 54 22 0
1x1/635f52 55 22 0
1x1/b48455 57 22 0
1x2/bd7d85 58 22 0
1x1/b48455 59 22 0
1x2/bd7d85 61 22 0
1x1/915c3c 62 22 0
1x1/b48455 63 22 0
1x1/184632 0 23 0
1x1/184632 1 23 0
1x1/872b17 2 23 0
1x1/184632 3 23 0
1x1/05131d 4 23 0
1x1/05131d 5 23 0
1x1/05131d 7 23 0
1x1/184632 8 23 0
1x1/05131d 9 23 0
1x1/05131d 10 23 0
1x3/bd7d85 12 23 0
1x3/bd7d85 16 23 0
1x1/635f52 17 23 0
1x1/05131d 18 23 0
1x1/635f52 20 23 0
1x1/05131d 21 23 0
1x1/184632 22 23 0
1x1/b67b50 23 23 0
1x1/05131d 24 23 0
1x1/ad6140 25 23 0
1x2/764d3b 26 23 0
1x1/184632 27 23 0
1x1/635f52 28 23 0
1x1/05131d 29 23 0
1x1/184632 30 23 0
1x1/05131d 31 23 0
1x1/635f52 32 23 0
1x1/0a3463 33 23 0
1x1/0a3463 34 23 0
1x1/0a3463 35 23 0
1x1/635f52 37 23 0
1x1/05131d 38 23 0
1x1/96709f 39 23 0
1x2/96709f 41 23 0
1x1/aa4d8e 42 23 0
1x2/958a73 43 23 0
1x1/96709f 44 23 0
1x2/bd7d85 45 23 0
1x1/b48455 46 23 0
1x1/635f52 47 23 0
1x1/b4a774 48 23 0
1x2/cdc298 49 23 0
1x1/96709f 50 23 0
1x1/b48455 51 23 0
1x1/635f52 52 23 0
1x1/635f52 53 23 0
1x1/635f52 54 23 0
1x1/635f52 55 23 0
1x1/915c3c 57 23 0
1x1/b48455 59 23 0
1x1/b4a774 62 23 0
1x1/915c3c 63 23 0
1x1/6c6e68 0 24 0
1x1/635f52 1 24 0
1x1/184632 2 24 0
1x1/05131d 3 24 0
1x1/05131d 4 24 0
1x1/872b17 5 24 0
1x1/05131d 7 24 0
1x1/05131d 8 24 0
1x1/635f52 9 24 0
1x1/184632 10 24 0
1x1/aa4d8e 11 24 0
1x3/bd7d85 17 24 0
1x1/915c3c 18 24 0
1x1/184632 19 24 0
1x1/184632 20 24 0
1x1/05131d 21 24 0
1x1/635f52 22 24 0
1x1/872b17 23 24 0
1x1/184632 24 24 0
1x1/b48455 25 24 0
1x1/635f52 27 24 0
1x1/635f52 28 24 0
1x1/184632 29 24 0
1x1/6d6e5c 30 24 0
1x1/05131d 31 24 0
1x1/05131d 32 24 0
1x1/915c3c 33 24 0
1x1/184632 34 24 0
1x1/635f52 35 24 0
1x2/0a3463 37 24 0
1x1/0a3463 38 24 0
1x1/05131d 39 24 0
1x1/96709f 40 24 0
1x2/96709f 42 24 0
1x1/b48455 44 24 0
1x1/96709f 46 24 0
1x6/bd7d85 47 24 0
1x1/e4adc8 48 24 0
1x1/dcbc81 50 24 0
1x1/9c9c9c 51 24 0
1x1/b67b50 52 24 0
1x1/965336 53 24 0
1x1/184632 54 24 0
1x1/915c3c 55 24 0
1x1/b67b50 56 24 0
1x1/915c3c 57 24 0
1x1/b67b50 58 24 0
1x2/ae7a59 59 24 0
1x1/f2705e 60 24 0
1x1/b48455 61 24 0
1x1/b48455 62 24 0
1x1/b4a774 63 24 0
1x2/bd7d85 0 25 0
1x2/6b5a5a 1 25 0
1x1/635f52 2 25 0
1x1/635f52 3 25 0
1x1/05131d 4 25 0
1x2/582a12 5 25 0
1x1/05131d 7 25 0
1x1/635f52 8 25 0
1x1/05131d 9 25 0
1x1/ad6140 10 25 0
1x1/b67b50 11 25 0
1x2/ae7a59 13 25 0
1x1/b48455 14 25 0
1x1/b67b50 15 25 0
1x4/bd7d85 18 25 0
1x1/cd6298 19 25 0
1x1/184632 20 25 0
1x1/635f52 21 25 0
1x1/184632 22 25 0
1x1/184632 23 25 0
1x1/05131d 24 25 0
1x1/872b17 25 25 0
1x1/6d6e5c 26 25 0
1x1/05131d 27 25 0
1x3/3e3c39 28 25 0
1x1/05131d 29 25 0
1x1/872b17 30 25 0
1x1/635f52 31 25 0
1x1/05131d 32 25 0
1x1/ff800d 33 25 0
1x1/ad6140 34 25 0
1x1/05131d 35 25 0
1x1/ab673a 36 25 0
1x1/05131d 38 25 0
1x1/05131d 39 25 0
1x6/05131d 40 25 0
1x1/6c6e68 41 25 0
1x3/96709f 43 25 0
1x1/96709f 44 25 0
1x1/6c6e68 45 25 0
1x1/6c6e68 46 25 0
1x1/cdc298 48 25 0
2x3-1/bd7d85 49 25 0
1x1/cdc298 51 25 0
1x1/dec69c 52 25 0
1x5/cdc298 53 25 0
1x1/b48455 54 25 0
1x1/b4a774 55 25 0
1x1/965336 56 25 0
1x2/5e3f33 57 25 0
1x2/945148 58 25 0
1x2/d67572 60 25 0
1x1/b67b50 61 25 0
1x1/ad6140 62 25 0
1x1/b67b50 63 25 0
1x1/635f52 2 26 0
1x2/582a12 3 26 0
1x3/352100 4 26 0
1x1/05131d 6 26 0
1x1/05131d 7 26 0
1x1/05131d 8 26 0
1x1/965336 9 26 0
1x1/b67b50 10 26 0
1x1/965336 11 26 0
1x1/b67b50 12 26 0
1x1/ad6140 14 26 0
1x1/b48455 15 26 0
1x1/965336 16 26 0
1x1/b67b50 19 26 0
1x1/b4a774 20 26 0
1x1/635f52 21 26 0
1x1/05131d 22 26 0
1x1/05131d 23 26 0
1x1/184632 24 26 0
1x1/184632 25 26 0
1x1/184632 26 26 0
1x1/05131d 27 26 0
1x1/05131d 29 26 0
1x1/635f52 30 26 0
1x1/05131d 31 26 0
1x1/05131d 32 26 0
1x6/05131d 33 26 0
1x1/872b17 34 26 0
1x1/a95500 35 26 0
1x1/a95500 36 26 0
1x1/05131d 37 26 0
1x1/872b17 38 26 0
1x1/05131d 39 26 0
1x1/05131d 41 26 0
1x1/8e5597 42 26 0
1x1/96709f 44 26 0
1x2/96709f 45 26 0
1x1/96709f 46 26 0
1x1/9c9c9c 48 26 0
1x3/bd7d85 51 26 0
1x1/cdc298 52 26 0
1x2/cdc298 54 26 0
1x1/cd6298 55 26 0
1x1/965336 56 26 0
1x2/945148 59 26 0
1x1/b48455 61 26 0
1x1/965336 62 26 0
1x1/965336 63 26 0
1x1/b48455 0 27 0
1x1/b67b50 1 27 0
1x2/5c5030 2 27 0
1x1/184632 5 27 0
1x1/184632 6 27 0
1x1/05131d 7 27 0
1x1/184632 8 27 0
1x1/965336 9 27 0
1x1/872b17 10 27 0
1x1/872b17 11 27 0
1x1/ab673a 12 27 0
1x1/b48455 13 27 0
1x1/ad6140 14 27 0
1x2/907450 15 27 0
1x1/b48455 16 27 0
1x1/b67b50 17 27 0
1x2/bd7d85 19 27 0
1x1/b67b50 20 27 0
1x1/b4a774 21 27 0
1x1/6d6e5c 22 27 0
1x1/05131d 23 27 0
1x1/05131d 24 27 0
1x1/05131d 25 27 0
1x1/05131d 26 27 0
1x1/05131d 27 27 0
1x1/05131d 29 27 0
1x1/05131d 30 27 0
1x1/05131d 31 27 0
1x1/05131d 32 27 0
2x3-1/05131d 34 27 0
1x6/05131d 36 27 0
1x1/184632 37 27 0
1x1/05131d 38 27 0
1x6/05131d 39 27 0
1x6/05131d 41 27 0
1x1/635f52 42 27 0
1x1/96709f 44 27 0
1x2/96709f 46 27 0
1x1/a5a9b4 48 27 0
1x1/b4a774 52 27 0
1x3/cdc298 55 27 0
1x4/bd7d85 56 27 0
1x1/aa4d8e 57 27 0
1x1/aa4d8e 58 27 0
1x1/ad6140 60 27 0
1x2/ae7a59 61 27 0
1x1/cd6298 62 27 0
1x1/b48455 63 27 0
1x1/6c6e68 0 28 0
1x1/b48455 1 28 0
1x1/635f52 3 28 0
1x1/184632 5 28 0
1x1/05131d 6 28 0
1x1/184632 7 28 0
1x1/05131d 8 28 0
1x1/872b17 9 28 0
1x1/872b17 10 28 0
1x1/965336 11 28 0
1x2/965336 12 28 0
1x1/bb771b 13 28 0
1x1/965336 14 28 0
1x1/b48455 16 28 0
1x1/b67b50 17 28 0
1x1/b48455 20 28 0
1x2/ae7a59 21 28 0
1x1/b48455 22 28 0
1x1/b4a774 23 28 0
1x1/184632 24 28 0
1x1/635f52 25 28 0
1x1/05131d 26 28 0
1x1/05131d 27 28 0
1x1/05131d 28 28 0
1x1/05131d 29 28 0
2x3-1/05131d 30 28 0
1x1/05131d 32 28 0
2x6/05131d 37 28 0
1x1/184632 42 28 0
1x1/6c6e68 43 28 0
1x1/96709f 44 28 0
1x1/8e5597 45 28 0
1x2/bd7d85 48 28 0
1x1/cdc298 49 28 0
1x1/a5a9b4 50 28 0
1x2/abadac 52 28 0
1x1/cdc298 54 28 0
1x3/bd7d85 57 28 0
1x1/96709f 58 28 0
1x1/aa4d8e 59 28 0
1x1/b48455 60 28 0
1x1/965336 62 28 0
1x1/184632 63 28 0
1x1/635f52 0 29 0
1x1/8e5597 1 29 0
1x1/b67b50 2 29 0
1x1/bb771b 3 29 0
1x1/965336 4 29 0
1x1/05131d 5 29 0
1x1/05131d 6 29 0
1x1/965336 7 29 0
1x1/635f52 8 29 0
1x1/872b17 9 29 0
1x1/965336 10 29 0
1x1/a95500 11 29 0
1x2/ae7a59 13 29 0
1x2/a95500 14 29 0
1x1/b67b50 15 29 0
1x1/965336 16 29 0
1x1/b48455 17 29 0
1x1/b67b50 18 29 0
1x4/ae7a59 19 29 0
1x1/b48455 20 29 0
1x1/aa4d8e 22 29 0
1x1/b67b50 23 29 0
1x1/b4a774 24 29 0
1x1/9c9c9c 25 29 0
1x1/05131d 26 29 0
1x1/635f52 27 29 0
1x1/184632 28 29 0
1x1/05131d 29 29 0
1x1/05131d 32 29 0
1x1/05131d 42 29 0
1x1/6c6e68 43 29 0
1x2/845e84 44 29 0
1x1/8e5597 45 29 0
1x2/958a73 46 29 0
2x3-1/bd7d85 49 29 0
1x1/a5a9b4 51 29 0
1x1/cdc298 54 29 0
1x1/965336 58 29 0
1x1/05131d 59 29 0
1x4/05131d 60 29 0
1x1/05131d 61 29 0
1x1/05131d 62 29 0
1x1/05131d 63 29 0
1x2/6b5a5a 0 30 0
1x1/872b17 1 30 0
1x1/05131d 2 30 0
1x1/184632 3 30 0
1x1/872b17 4 30 0
1x1/05131d 5 30 0
1x1/05131d 6 30 0
1x1/184632 7 30 0
1x1/635f52 8 30 0
1x1/965336 9 30 0
1x1/965336 10 30 0
1x1/965336 11 30 0
1x1/ab673a 12 30 0
1x1/965336 15 30 0
1x1/965336 16 30 0
1x2/907450 17 30 0
1x1/b48455 18 30 0
1x1/ad6140 20 30 0
1x1/b48455 21 30 0
1x2/ae7a59 22 30 0
1x2/bd7d85 23 30 0
1x1/b67b50 24 30 0
1x1/b48455 25 30 0
1x1/cd6298 26 30 0
1x1/635f52 27 30 0
1x1/05131d 28 30 0
1x1/05131d 29 30 0
1x1/05131d 32 30 0
1x1/05131d 34 30 0
1x1/05131d 35 30 0
1x1/05131d 42 30 0
1x1/184632 43 30 0
1x1/aa4d8e 45 30 0
1x1/8e5597 47 30 0
1x1/aa4d8e 48 30 0
2x3-1/bd7d85 51 30 0
1x1/cdc298 53 30 0
2x2-1/bd7d85 54 30 0
1x1/635f52 58 30 0
1x1/05131d 59 30 0
1x4/05131d 61 30 0
1x1/05131d 62 30 0
1x1/05131d 63 30 0
1x1/635f52 1 31 0
1x1/635f52 2 31 0
1x1/6c6e68 3 31 0
1x1/635f52 4 31 0
1x1/965336 5 31 0
1x1/05131d 6 31 0
1x1/05131d 7 31 0
1x1/635f52 8 31 0
1x1/184632 9 31 0
1x1/6c6e68 10 31 0
1x1/965336 11 31 0
1x2/945148 12 31 0
1x2/915c3c 13 31 0
1x1/965336 14 31 0
1x2/945148 15 31 0
1x1/965336 16 31 0
1x1/b48455 18 31 0
1x1/b48455 20 31 0
1x1/b67b50 21 31 0
1x1/6d6e5c 24 31 0
1x1/635f52 25 31 0
1x1/635f52 26 31 0
1x1/b48455 27 31 0
1x2/6b5a5a 28 31 0
1x1/05131d 29 31 0
1x1/05131d 30 31 0
1x1/05131d 31 31 0
1x1/05131d 32 31 0
1x1/05131d 34 31 0
1x1/05131d 35 31 0
1x1/05131d 40 31 0
1x1/05131d 42 31 0
1x1/05131d 43 31 0
1x1/05131d 44 31 0
1x1/635f52 45 31 0
1x1/6c6e68 46 31 0
1x1/6c6e68 47 31 0
1x1/aa4d8e 48 31 0
1x2/bd7d85 53 31 0
1x1/6c6e68 56 31 0
1x1/05131d 57 31 0
1x1/05131d 58 31 0
1x1/05131d 59 31 0
2x3-1/05131d 62 31 0
1x1/184632 0 32 0
1x1/635f52 1 32 0
1x1/635f52 2 32 0
1x1/635f52 3 32 0
1x1/184632 4 32 0
1x6/352100 5 32 0
1x1/965336 6 32 0
1x1/184632 7 32 0
1x1/05131d 8 32 0
1x1/05131d 9 32 0
1x1/635f52 10 32 0
1x1/635f52 11 32 0
1x1/6c6e68 14 32 0
1x1/b67b50 16 32 0
1x1/965336 17 32 0
1x1/b67b50 18 32 0
1x1/b67b50 20 32 0
1x1/b48455 21 32 0
1x4/907450 22 32 0
1x1/b67b50 23 32 0
1x2/ae7a59 24 32 0
1x1/635f52 25 32 0
1x1/635f52 26 32 0
1x1/6d6e5c 27 32 0
1x1/b48455 29 32 0
1x1/872b17 30 32 0
1x1/872b17 31 32 0
1x1/05131d 32 32 0
1x1/05131d 33 32 0
1x1/05131d 34 32 0
1x1/05131d 35 32 0
1x1/05131d 40 32 0
1x1/05131d 42 32 0
1x1/05131d 43 32 0
1x1/05131d 44 32 0
1x1/05131d 45 32 0
1x1/05131d 46 32 0
1x1/05131d 47 32 0
1x1/05131d 48 32 0
1x1/635f52 49 32 0
1x1/05131d 50 32 0
1x1/b4a774 54 32 0
1x1/05131d 55 32 0
1x1/05131d 56 32 0
1x1/05131d 57 32 0
1x1/05131d 58 32 0
1x1/05131d 59 32 0
1x1/635f52 0 33 0
1x1/635f52 1 33 0
1x1/635f52 2 33 0
1x1/ac8247 3 33 0
1x2/582a12 4 33 0
1x1/05131d 6 33 0
1x1/635f52 7 33 0
1x1/965336 8 33 0
1x1/05131d 9 33 0
1x1/05131d 10 33 0
1x1/635f52 11 33 0
1x1/635f52 12 33 0
1x1/965336 13 33 0
1x2/755945 14 33 0
1x1/965336 15 33 0
1x1/965336 16 33 0
1x1/6d6e5c 17 33 0
2x2-1/945148 18 33 0
1x1/ad6140 20 33 0
1x1/ad6140 21 33 0
1x1/b48455 23 33 0
1x1/6c6e68 25 33 0
1x1/b48455 26 33 0
1x1/635f52 27 33 0
1x1/635f52 28 33 0
1x1/6d6e5c 29 33 0
1x1/b48455 30 33 0
1x1/b48455 31 33 0
1x1/6d6e5c 32 33 0
1x1/6c6e68 33 33 0
2x2-1/3e3c39 34 33 0
1x1/05131d 36 33 0
1x1/05131d 39 33 0
1x1/05131d 40 33 0
1x1/05131d 41 33 0
1x1/05131d 42 33 0
1x1/05131d 43 33 0
1x1/05131d 44 33 0
1x1/05131d 45 33 0
1x1/05131d 46 33 0
1x1/05131d 47 33 0
1x1/05131d 48 33 0
1x1/05131d 49 33 0
1x1/05131d 50 33 0
1x1/05131d 51 33 0
1x1/05131d 52 33 0
1x1/05131d 53 33 0
1x1/05131d 54 33 0
1x1/05131d 55 33 0
1x1/05131d 56 33 0
1x1/05131d 57 33 0
1x1/05131d 58 33 0
1x1/05131d 59 33 0
1x1/05131d 60 33 0
1x1/ad6140 0 34 0
1x1/05131d 1 34 0
1x1/872b17 2 34 0
1x1/05131d 3 34 0
1x1/05131d 6 34 0
1x1/05131d 7 34 0
1x1/6a7944 8 34 0
1x1/6c6e68 9 34 0
1x1/872b17 10 34 0
1x1/05131d 11 34 0
1x1/872b17 12 34 0
1x1/872b17 13 34 0
1x1/6d6e5c 15 34 0
1x1/965336 16 34 0
1x1/965336 17 34 0
1x1/6d6e5c 20 34 0
1x1/965336 21 34 0
1x2/907450 23 34 0
1x1/b67b50 24 34 0
1x1/6d6e5c 25 34 0
1x1/6d6e5c 26 34 0
1x2/945148 27 34 0
1x1/6d6e5c 28 34 0
1x1/965336 29 34 0
1x1/6d6e5c 30 34 0
1x1/6d6e5c 31 34 0
1x1/6c6e68 32 34 0
1x1/6d6e5c 33 34 0
1x1/4b0082 36 34 0
1x1/6d6e5c 37 34 0
1x1/872b17 38 34 0
1x1/872b17 39 34 0
1x1/0a3463 40 34 0
1x1/0a3463 41 34 0
1x1/0a3463 42 34 0
1x1/0a3463 43 34 0
1x1/0a3463 44 34 0
1x1/872b17 45 34 0
1x1/0a3463 46 34 0
1x1/0a3463 47 34 0
1x1/0a3463 48 34 0
1x1/6d6e5c 49 34 0
1x1/0a3463 50 34 0
1x1/6d6e5c 51 34 0
1x1/0a3463 52 34 0
1x1/0a3463 53 34 0
1x1/0a3463 54 34 0
1x1/0a3463 55 34 0
1x1/0a3463 56 34 0
1x1/0a3463 57 34 0
1x1/0a3463 58 34 0
1x1/6d6e5c 59 34 0
1x1/0a3463 60 34 0
1x1/0a3463 61 34 0
1x1/872b17 62 34 0
1x1/6a7944 63 34 0
1x1/0a3463 0 35 0
1x1/0a3463 1 35 0
1x1/0a3463 2 35 0
1x1/6a7944 3 35 0
1x1/6a7944 4 35 0
1x1/0a3463 6 35 0
1x1/a95500 7 35 0
1x1/0a3463 8 35 0
1x1/6a7944 9 35 0
1x1/0a3463 10 35 0
1x1/6d6e5c 11 35 0
1x1/0a3463 12 35 0
1x1/8b0000 13 35 0
1x1/0a3463 14 35 0
1x1/0a3463 15 35 0
1x1/6c6e68 16 35 0
1x1/a95500 17 35 0
1x1/ad6140 18 35 0
1x1/a95500 19 35 0
1x1/b67b50 20 35 0
1x1/b67b50 21 35 0
1x1/6d6e5c 24 35 0
1x1/b67b50 25 35 0
1x1/6d6e5c 26 35 0
1x1/b67b50 28 35 0
1x1/6d6e5c 29 35 0
1x1/8b0000 30 35 0
1x1/6d6e5c 31 35 0
1x1/6d6e5c 32 35 0
1x1/6d6e5c 33 35 0
1x1/6d6e5c 34 35 0
1x1/0a3463 35 35 0
1x1/0a3463 36 35 0
2x3-1/05131d 37 35 0
1x1/0a3463 39 35 0
1x1/0a3463 40 35 0
1x1/0a3463 41 35 0
1x1/0a3463 42 35 0
1x1/0a3463 43 35 0
1x1/0a3463 44 35 0
1x1/0a3463 45 35 0
1x1/0a3463 46 35 0
1x1/0a3463 47 35 0
1x1/0a3463 48 35 0
1x1/6d6e5c 49 35 0
1x1/6d6e5c 50 35 0
1x1/9c9c9c 51 35 0
1x1/9c9c9c 52 35 0
1x1/9c9c9c 53 35 0
1x1/9c9c9c 54 35 0
1x1/0a3463 55 35 0
1x1/0a3463 56 35 0
1x1/0a3463 57 35 0
1x1/0a3463 58 35 0
1x1/0a3463 59 35 0
1x1/0a3463 60 35 0
2x3-1/05131d 61 35 0
1x1/0a3463 63 35 0
1x1/a95500 0 36 0
1x1/237841 1 36 0
1x1/6a7944 2 36 0
1x1/aa7f2e 3 36 0
1x1/237841 4 36 0
1x1/0a3463 6 36 0
1x1/6d6e5c 7 36 0
1x1/237841 8 36 0
1x1/8b0000 9 36 0
1x1/6d6e5c 10 36 0
1x1/6a7944 11 36 0
1x1/6d6e5c 12 36 0
1x1/6d6e5c 13 36 0
1x1/8e5597 14 36 0
1x1/8e5597 15 36 0
1x1/0a3463 16 36 0
1x1/6c6e68 17 36 0
1x1/6d6e5c 18 36 0
1x1/6d6e5c 19 36 0
1x1/6c6e68 20 36 0
1x1/6c6e68 21 36 0
1x1/6c6e68 22 36 0
1x1/6c6e68 23 36 0
1x2/595d60 24 36 0
1x1/6c6e68 25 36 0
1x1/6c6e68 26 36 0
1x1/0a3463 27 36 0
1x1/6c6e68 28 36 0
1x2/354e5a 29 36 0
1x1/6d6e5c 30 36 0
2x2-1/354e5a 31 36 0
1x1/6c6e68 33 36 0
1x1/0a3463 34 36 0
1x1/0a3463 35 36 0
1x1/0a3463 36 36 0
1x1/0a3463 39 36 0
1x1/0a3463 40 36 0
1x1/0a3463 41 36 0
1x1/0a3463 42 36 0
1x1/0a3463 43 36 0
1x1/0a3463 44 36 0
1x1/627a62 45 36 0
1x1/6c6e68 46 36 0
1x1/6c6e68 47 36 0
1x1/8e5597 48 36 0
1x1/9c9c9c 49 36 0
1x1/9c9c9c 50 36 0
1x1/9c9c9c 51 36 0
1x1/9c9c9c 52 36 0
1x1/9c9c9c 53 36 0
1x1/9c9c9c 54 36 0
1x1/9c9c9c 55 36 0
1x4/737271 56 36 0
1x1/6c6e68 57 36 0
1x1/0a3463 58 36 0
1x1/0a3463 59 36 0
1x1/0a3463 60 36 0
1x1/0a3463 63 36 0
1x1/0a3463 0 37 0
1x1/6a7944 1 37 0
1x1/237841 2 37 0
1x1/8b0000 3 37 0
1x1/237841 4 37 0
1x1/0a3463 6 37 0
1x1/237841 7 37 0
1x1/4b0082 8 37 0
1x1/6d6e5c 9 37 0
1x1/4b0082 10 37 0
1x1/4b0082 11 37 0
1x1/8e5597 12 37 0
1x2/57392c 13 37 0
1x1/237841 14 37 0
1x1/237841 15 37 0
1x1/6d6e5c 16 37 0
1x1/6d6e5c 17 37 0
1x1/6c6e68 18 37 0
1x1/6c6e68 19 37 0
1x2/595d60 20 37 0
1x1/6d6e5c 21 37 0
2x2-1/595d60 22 37 0
1x1/6c6e68 25 37 0
1x2/354e5a 26 37 0
1x1/6c6e68 27 37 0
1x1/237841 28 37 0
1x1/237841 30 37 0
1x1/237841 33 37 0
1x1/237841 34 37 0
1x1/237841 35 37 0
1x1/237841 36 37 0
1x1/237841 39 37 0
1x1/237841 40 37 0
1x1/237841 41 37 0
1x1/237841 42 37 0
1x1/0057a6 43 37 0
2x2-1/467083 44 37 0
1x2/467083 46 37 0
1x1/6074a1 47 37 0
1x3/7988a1 48 37 0
1x1/9ca3a8 49 37 0
1x1/9c9c9c 50 37 0
1x1/6e8aa6 51 37 0
1x1/6e8aa6 52 37 0
2x2-1/898788 53 37 0
1x1/6c6e68 55 37 0
1x1/6c6e68 57 37 0
1x2/6b5a5a 58 37 0
1x1/237841 59 37 0
1x1/237841 60 37 0
1x1/237841 63 37 0
1x1/6d6e5c 0 38 0
1x1/6a7944 1 38 0
1x1/6a7944 2 38 0
1x1/6a7944 3 38 0
1x1/8b0000 4 38 0
1x1/8b0000 5 38 0
1x1/6a7944 6 38 0
1x1/8b0000 7 38 0
1x1/6d6e5c 8 38 0
1x1/6d6e5c 9 38 0
1x1/8e5597 10 38 0
1x1/9c9c9c 11 38 0
1x1/6d6e5c 12 38 0
1x1/6d6e5c 14 38 0
1x1/6a7944 15 38 0
1x1/6d6e5c 16 38 0
1x1/6d6e5c 17 38 0
1x1/6d6e5c 18 38 0
1x1/6c6e68 19 38 0
1x1/6c6e68 21 38 0
1x2/467083 24 38 0
1x1/6c6e68 25 38 0
1x1/0020a0 27 38 0
1x1/237841 28 38 0
1x1/237841 29 38 0
1x1/6c6e68 30 38 0
1x1/237841 31 38 0
1x1/237841 32 38 0
1x1/237841 33 38 0
1x1/237841 34 38 0
1x1/237841 35 38 0
1x1/0020a0 36 38 0
1x1/0020a0 37 38 0
1x1/0020a0 38 38 0
1x1/0020a0 39 38 0
1x1/0057a6 40 38 0
1x1/0057a6 41 38 0
1x1/0057a6 42 38 0
1x1/6074a1 43 38 0
1x2/467083 47 38 0
1x1/9c9c9c 49 38 0
1x2/7988a1 50 38 0
2x2-1/5f7d8c 51 38 0
1x1/6c6e68 55 38 0
1x1/6c6e68 57 38 0
1x1/6d6e5c 59 38 0
1x1/6d6e5c 60 38 0
1x1/6d6e5c 61 38 0
1x1/6d6e5c 62 38 0
1x1/237841 63 38 0
1x1/b52c20 0 39 0
1x1/6a7944 1 39 0
1x1/237841 2 39 0
1x1/237841 3 39 0
1x1/237841 4 39 0
1x1/8b0000 5 39 0
1x1/8b0000 6 39 0
1x1/237841 7 39 0
1x1/0020a0 8 39 0
1x1/237841 9 39 0
1x1/237841 10 39 0
1x1/237841 11 39 0
2x2-1/354e5a 12 39 0
1x1/237841 14 39 0
1x1/237841 15 39 0
1x1/237841 16 39 0
1x1/6c6e68 17 39 0
1x1/468a5f 18 39 0
1x1/627a62 19 39 0
1x1/468a5f 20 39 0
1x1/468a5f 21 39 0
1x1/627a62 22 39 0
1x1/6c6e68 23 39 0
2x2-1/0d4763 25 39 0
1x1/0020a0 27 39 0
1x1/0020a0 28 39 0
1x2/0a3463 29 39 0
1x1/0020a0 30 39 0
1x1/0020a0 31 39 0
1x1/0020a0 32 39 0
1x1/0020a0 33 39 0
1x1/0020a0 34 39 0
1x1/0057a6 35 39 0
1x1/0057a6 36 39 0
1x1/0057a6 37 39 0
1x1/0057a6 38 39 0
3x3-268/0059a3 39 39 0
1x2/0059a3 42 39 0
1x1/10929d 43 39 0
1x1/0057a6 44 39 0
1x1/0057a6 45 39 0
1x1/0057a6 46 39 0
1x1/6e8aa6 49 39 0
2x2-1/5f7d8c 53 39 0
1x2/5f7d8c 55 39 0
1x1/6c6e68 57 39 0
1x1/6c6e68 58 39 0
1x2/6c6e68 59 39 0
2x2-1/737271 60 39 0
1x1/6d6e5c 62 39 0
1x1/6d6e5c 63 39 0
1x1/a95500 0 40 0
1x1/6d6e5c 1 40 0
1x1/6d6e5c 2 40 0
1x1/6a7944 3 40 0
1x1/6a7944 4 40 0
1x1/8b0000 5 40 0
1x1/237841 6 40 0
1x1/237841 7 40 0
1x1/237841 8 40 0
1x1/237841 9 40 0
2x4/0d4763 10 40 0
2x2-1/0d4763 14 40 0
2x2-1/0d4763 16 40 0
1x1/0057a6 18 40 0
1x1/0057a6 19 40 0
1x1/0057a6 20 40 0
2x2-1/0d4763 21 40 0
1x1/0057a6 23 40 0
1x1/0057a6 24 40 0
1x1/0020a0 27 40 0
1x1/0020a0 28 40 0
1x1/0057a6 30 40 0
1x1/0057a6 31 40 0
1x1/0057a6 32 40 0
1x1/0057a6 33 40 0
1x1/0057a6 34 40 0
1x1/0057a6 35 40 0
2x6/0059a3 36 40 0
1x6/0059a3 38 40 0
3x3-268/008f9b 43 40 0
1x1/0057a6 46 40 0
1x3/3e95b6 47 40 0
1x1/6c96bf 48 40 0
1x2/6c96bf 49 40 0
1x1/6e8aa6 50 40 0
1x1/6074a1 51 40 0
1x1/6074a1 52 40 0
1x1/6074a1 56 40 0
1x1/6c6e68 57 40 0
1x1/6c6e68 58 40 0
1x1/6c6e68 62 40 0
1x1/6c6e68 63 40 0
1x1/bba53d 0 41 0
1x1/a95500 1 41 0
1x1/8b0000 2 41 0
1x1/237841 3 41 0
1x1/8b0000 4 41 0
1x1/237841 5 41 0
1x1/237841 6 41 0
1x1/8b0000 7 41 0
1x1/237841 8 41 0
1x1/237841 9 41 0
2x2-1/0d4763 12 41 0
1x1/0057a6 18 41 0
1x1/0057a6 19 41 0
1x1/0057a6 20 41 0
1x1/0057a6 23 41 0
2x2-1/0059a3 24 41 0
3x3-268/0059a3 26 41 0
4x4-2367/0059a3 29 41 0
2x6/0059a3 33 41 0
1x6/0059a3 35 41 0
1x4/008f9b 42 41 0
1x5/008f9b 46 41 0
1x3/5b98b3 48 41 0
1x1/5b98b3 50 41 0
2x2-1/3e95b6 51 41 0
1x1/6074a1 53 41 0
1x1/3e95b6 54 41 0
1x1/6074a1 55 41 0
1x1/6074a1 56 41 0
1x1/6074a1 57 41 0
2x2-1/5f7d8c 58 41 0
1x2/5f7d8c 60 41 0
1x1/6c6e68 61 41 0
2x2-1/467083 62 41 0
1x1/6d6e5c 0 42 0
1x1/237841 1 42 0
1x1/237841 2 42 0
1x1/237841 3 42 0
1x1/6d6e5c 4 42 0
1x1/237841 5 42 0
1x1/237841 6 42 0
1x1/8b0000 7 42 0
1x1/237841 8 42 0
1x1/237841 9 42 0
1x1/0057a6 14 42 0
2x8/0059a3 15 42 0
1x1/0057a6 17 42 0
3x3-268/0059a3 18 42 0
2x3-1/0059a3 21 42 0
1x1/0057a6 23 42 0
1x1/0057a6 39 42 0
1x3/0059a3 40 42 0
1x1/0057a6 41 42 0
1x2/5b98b3 49 42 0
1x3/3e95b6 50 42 0
1x1/3e95b6 53 42 0
1x1/3e95b6 54 42 0
1x1/3e95b6 55 42 0
1x2/3e95b6 56 42 0
1x1/5b98b3 57 42 0
1x1/6074a1 61 42 0
1x1/237841 0 43 0
1x1/237841 1 43 0
1x1/237841 2 43 0
1x1/237841 3 43 0
1x1/237841 4 43 0
1x1/8b0000 5 43 0
1x1/237841 6 43 0
1x1/237841 7 43 0
1x1/237841 8 43 0
1x1/0057a6 9 43 0
2x8/0059a3 12 43 0
1x6/0059a3 14 43 0
1x8/0059a3 17 43 0
1x1/0057a6 23 43 0
1x1/0057a6 24 43 0
1x3/008f9b 25 43 0
1x1/0057a6 39 43 0
1x3/008f9b 41 43 0
2x2-1/008f9b 43 43 0
1x3/008f9b 45 43 0
1x1/1591cb 47 43 0
1x2/10929d 51 43 0
1x1/3e95b6 52 43 0
1x1/3e95b6 53 43 0
1x1/3e95b6 54 43 0
1x1/3e95b6 55 43 0
1x3/3e95b6 57 43 0
1x1/5b98b3 58 43 0
1x1/5b98b3 59 43 0
1x1/5b98b3 60 43 0
1x1/5b98b3 61 43 0
1x2/3e95b6 62 43 0
1x1/3e95b6 63 43 0
1x1/0020a0 0 44 0
1x1/0057a6 1 44 0
1x1/237841 2 44 0
1x1/237841 3 44 0
1x1/6a7944 4 44 0
1x1/237841 5 44 0
1x1/237841 6 44 0
1x1/237841 7 44 0
1x1/237841 8 44 0
1x1/008e3c 9 44 0
1x1/0057a6 10 44 0
1x5/0059a3 11 44 0
1x1/0057a6 23 44 0
1x1/0057a6 24 44 0
1x1/0057a6 26 44 0
1x2/0059a3 27 44 0
1x1/0057a6 28 44 0
1x4/0059a3 39 44 0
1x1/1591cb 47 44 0
1x2/3e95b6 48 44 0
1x1/5b98b3 49 44 0
1x1/1591cb 52 44 0
1x1/1591cb 53 44 0
1x1/1591cb 54 44 0
1x3/1591cb 55 44 0
1x3/3592c3 56 44 0
1x2/3e95b6 58 44 0
1x1/3e95b6 59 44 0
1x2/3e95b6 60 44 0
1x1/3e95b6 61 44 0
1x1/3e95b6 63 44 0
1x1/0057a6 0 45 0
1x1/6a7944 1 45 0
1x1/8b0000 2 45 0
1x1/6a7944 3 45 0
1x1/8b0000 4 45 0
1x1/8b0000 5 45 0
1x1/008e3c 6 45 0
1x1/8b0000 7 45 0
1x1/008e3c 8 45 0
1x3/0d4763 9 45 0
1x1/008e3c 10 45 0
1x1/0057a6 18 45 0
1x2/0059a3 19 45 0
1x1/0057a6 20 45 0
1x1/0057a6 21 45 0
1x1/0057a6 22 45 0
1x1/1591cb 23 45 0
1x1/0057a6 24 45 0
1x1/0057a6 26 45 0
1x1/0057a6 28 45 0
1x1/0057a6 29 45 0
2x2-1/0059a3 30 45 0
1x4/0059a3 32 45 0
1x2/008f9b 40 45 0
1x1/1591cb 42 45 0
1x1/1591cb 43 45 0
1x1/1591cb 44 45 0
1x1/1591cb 47 45 0
1x1/3e95b6 49 45 0
1x1/1591cb 50 45 0
1x1/1591cb 51 45 0
2x4/039cbd 52 45 0
1x2/039cbd 54 45 0
1x2/3592c3 59 45 0
1x1/3e95b6 61 45 0
1x1/1591cb 62 45 0
1x1/1591cb 63 45 0
1x1/0057a6 0 46 0
1x1/0057a6 1 46 0
1x1/468a5f 2 46 0
1x1/6a7944 3 46 0
1x1/8b0000 4 46 0
1x2/5c5030 5 46 0
1x1/4b0082 6 46 0
1x1/8b0000 7 46 0
1x1/0057a6 8 46 0
1x1/0057a6 10 46 0
1x1/0057a6 18 46 0
1x1/1591cb 20 46 0
1x1/0057a6 21 46 0
1x1/0057a6 22 46 0
2x2-1/008f9b 23 46 0
1x1/0057a6 25 46 0
1x1/1591cb 26 46 0
1x2/008f9b 27 46 0
1x1/0057a6 28 46 0
1x2/0059a3 29 46 0
1x1/0057a6 36 46 0
1x1/0057a6 37 46 0
1x1/0057a6 38 46 0
1x1/1591cb 41 46 0
1x1/0057a6 42 46 0
1x2/039cbd 43 46 0
1x1/1591cb 44 46 0
1x2/039cbd 45 46 0
1x1/1591cb 46 46 0
1x2/039cbd 47 46 0
1x1/1591cb 48 46 0
1x1/3e95b6 49 46 0
2x3-1/039cbd 50 46 0
1x1/36aebf 57 46 0
1x1/1591cb 58 46 0
1x1/0057a6 60 46 0
1x1/0057a6 61 46 0
1x1/0057a6 62 46 0
1x1/0057a6 63 46 0
1x1/0057a6 0 47 0
1x1/8b0000 1 47 0
1x1/6a7944 2 47 0
1x1/8b0000 3 47 0
1x1/a95500 4 47 0
1x3/352100 6 47 0
1x1/8b0000 7 47 0
1x1/008e3c 8 47 0
1x1/0057a6 10 47 0
1x1/0057a6 18 47 0
1x1/0057a6 19 47 0
1x1/0057a6 20 47 0
1x1/1591cb 21 47 0
1x2/078bc9 22 47 0
1x2/008f9b 25 47 0
1x1/0057a6 26 47 0
1x1/1591cb 28 47 0
1x2/0059a3 30 47 0
1x1/0057a6 31 47 0
1x1/0057a6 33 47 0
1x1/0057a6 34 47 0
1x1/0057a6 35 47 0
1x5/008f9b 36 47 0
1x1/0057a6 37 47 0
1x4/008f9b 38 47 0
1x3/078bc9 40 47 0
1x1/1591cb 41 47 0
1x1/1591cb 42 47 0
1x4/039cbd 44 47 0
1x1/0057a6 46 47 0
1x2/039cbd 48 47 0
1x1/1591cb 49 47 0
1x1/36aebf 54 47 0
1x1/36aebf 55 47 0
1x1/3e95b6 56 47 0
2x2-1/0059a3 57 47 0
1x1/0057a6 59 47 0
1x8/0059a3 60 47 0
1x1/0057a6 61 47 0
1x4/0059a3 62 47 0
1x1/0057a6 63 47 0
1x1/0057a6 0 48 0
1x1/468a5f 1 48 0
1x1/0020a0 2 48 0
1x1/008e3c 3 48 0
1x1/0020a0 4 48 0
1x1/8b0000 5 48 0
1x1/008e3c 7 48 0
1x1/0020a0 8 48 0
1x1/008e3c 9 48 0
1x2/184632 10 48 0
1x2/008f9b 18 48 0
1x1/0057a6 19 48 0
1x2/078bc9 20 48 0
1x1/0057a6 21 48 0
1x1/0057a6 23 48 0
1x4/078bc9 24 48 0
2x4/078bc9 26 48 0
1x1/0057a6 28 48 0
1x1/0057a6 29 48 0
1x2/0059a3 31 48 0
3x3-268/008f9b 33 48 0
1x5/008f9b 37 48 0
1x1/0057a6 39 48 0
1x3/078bc9 41 48 0
1x1/36aebf 42 48 0
1x1/36aebf 43 48 0
1x1/0055bf 45 48 0
1x3/039cbd 46 48 0
1x1/36aebf 47 48 0
1x1/36aebf 49 48 0
1x1/0057a6 54 48 0
1x3/0059a3 55 48 0
1x1/0057a6 56 48 0
1x1/0057a6 59 48 0
1x2/0059a3 61 48 0
1x1/0057a6 63 48 0
1x2/354e5a 0 49 0
1x1/008e3c 1 49 0
1x1/8b0000 2 49 0
1x1/008e3c 3 49 0
1x1/0020a0 4 49 0
1x1/8b0000 5 49 0
1x4/05131d 7 49 0
1x1/008e3c 8 49 0
1x1/0057a6 9 49 0
1x1/0057a6 11 49 0
1x1/0057a6 14 49 0
1x3/008f9b 19 49 0
1x2/078bc9 21 49 0
1x1/0057a6 22 49 0
1x3/078bc9 23 49 0
1x2/078bc9 25 49 0
1x1/0057a6 28 49 0
1x1/0057a6 29 49 0
1x1/0055bf 30 49 0
1x2/008f9b 32 49 0
1x1/0055bf 39 49 0
1x3/009ece 42 49 0
1x1/0055bf 43 49 0
1x2/039cbd 45 49 0
1x1/36aebf 47 49 0
1x1/36aebf 48 49 0
1x1/36aebf 49 49 0
1x1/36aebf 50 49 0
1x1/0055bf 51 49 0
3x3-268/0059a3 52 49 0
2x2-1/0059a3 56 49 0
1x1/0055bf 58 49 0
1x6/0059a3 59 49 0
1x1/0033b2 63 49 0
1x1/468a5f 1 50 0
1x1/008e3c 2 50 0
1x1/468a5f 3 50 0
1x1/8b0000 4 50 0
1x1/6a7944 5 50 0
1x1/4b0082 6 50 0
1x1/8b0000 8 50 0
1x1/008e3c 9 50 0
1x1/008e3c 10 50 0
1x1/0033b2 11 50 0
1x1/0055bf 14 50 0
1x2/0059a3 15 50 0
1x1/0055bf 16 50 0
1x1/0055bf 18 50 0
1x1/0055bf 20 50 0
1x1/0055bf 22 50 0
2x2-1/078bc9 28 50 0
1x1/0055bf 30 50 0
1x2/008f9b 31 50 0
1x2/039cbd 39 50 0
1x1/36aebf 40 50 0
1x2/009ece 43 50 0
1x1/36aebf 47 50 0
1x1/36aebf 48 50 0
1x1/0055bf 49 50 0
1x1/0055bf 50 50 0
1x6/0059a3 51 50 0
1x6/0059a3 58 50 0
1x1/0033b2 61 50 0
1x1/0020a0 63 50 0
1x1/0020a0 0 51 0
1x1/0055bf 1 51 0
1x1/6a7944 2 51 0
1x1/8b0000 3 51 0
1x1/6a7944 4 51 0
1x1/6a7944 5 51 0
1x1/4b0082 6 51 0
1x1/008e3c 8 51 0
1x1/4b0082 9 51 0
1x1/008e3c 10 51 0
1x1/008e3c 11 51 0
1x3/0d4763 12 51 0
1x1/0055bf 13 51 0
1x4/0059a3 14 51 0
1x1/0055bf 16 51 0
1x1/0055bf 17 51 0
1x1/0055bf 18 51 0
1x1/36aebf 20 51 0
1x2/039cbd 21 51 0
1x1/0055bf 22 51 0
1x1/0055bf 25 51 0
1x2/078bc9 30 51 0
1x1/0055bf 32 51 0
1x1/0055bf 33 51 0
1x2/008f9b 34 51 0
1x2/039cbd 35 51 0
1x2/078bc9 38 51 0
1x1/36aebf 40 51 0
1x2/009ece 41 51 0
1x1/36aebf 44 51 0
1x1/0055bf 45 51 0
1x1/0055bf 46 51 0
1x1/0055bf 47 51 0
1x1/0055bf 48 51 0
2x4/0059a3 49 51 0
2x2-1/0d4763 55 51 0
1x1/0033b2 57 51 0
1x4/0059a3 61 51 0
1x1/0033b2 62 51 0
1x1/0055bf 63 51 0
1x1/468a5f 0 52 0
1x1/6a7944 1 52 0
1x1/8b0000 2 52 0
1x1/008e3c 3 52 0
1x1/6a7944 4 52 0
1x1/8b0000 5 52 0
1x1/8b0000 6 52 0
1x4/05131d 8 52 0
1x1/008e3c 9 52 0
1x1/008e3c 10 52 0
1x1/0020a0 11 52 0
1x1/468a5f 13 52 0
1x2/008f9b 15 52 0
1x1/0055bf 16 52 0
1x3/008f9b 17 52 0
1x1/0055bf 18 52 0
1x4/078bc9 19 52 0
1x1/0055bf 20 52 0
1x1/36aebf 22 52 0
1x1/0055bf 23 52 0
1x2/039cbd 24 52 0
2x2-1/078bc9 25 52 0
1x1/0055bf 27 52 0
1x1/0055bf 28 52 0
1x1/0055bf 29 52 0
1x1/0055bf 31 52 0
1x2/008f9b 32 52 0
1x3/039cbd 33 52 0
1x1/0055bf 36 52 0
1x1/0055bf 39 52 0
1x1/36aebf 40 52 0
1x1/3e95b6 42 52 0
2x2-1/0059a3 43 52 0
1x1/0055bf 45 52 0
1x1/0055bf 46 52 0
2x4/0059a3 47 52 0
1x1/0055bf 52 52 0
1x1/0055bf 53 52 0
1x3/0059a3 54 52 0
1x1/0055bf 57 52 0
1x2/0059a3 62 52 0
1x1/0055bf 63 52 0
1x1/6a7944 0 53 0
1x1/a95500 1 53 0
1x1/008e3c 2 53 0
1x1/6a7944 3 53 0
1x1/8b0000 4 53 0
1x1/6a7944 5 53 0
1x1/4b0082 6 53 0
1x1/8b0000 7 53 0
1x1/008e3c 9 53 0
1x1/008e3c 10 53 0
1x3/0059a3 11 53 0
1x1/0055bf 13 53 0
1x1/0055bf 16 53 0
1x2/008f9b 18 53 0
1x4/039cbd 20 53 0
1x1/3e95b6 21 53 0
1x4/039cbd 22 53 0
1x1/0055bf 23 53 0
1x2/039cbd 27 53 0
1x4/078bc9 28 53 0
1x1/3e95b6 29 53 0
1x1/0055bf 30 53 0
1x1/0055bf 31 53 0
1x1/0055bf 34 53 0
1x1/0055bf 35 53 0
1x2/008f9b 36 53 0
1x1/3e95b6 37 53 0
1x1/0055bf 38 53 0
1x1/0055bf 39 53 0
1x1/3e95b6 40 53 0
1x2/0059a3 41 53 0
1x1/0020a0 42 53 0
1x1/3e95b6 45 53 0
1x5/0059a3 46 53 0
1x1/0033b2 52 53 0
1x1/3e95b6 53 53 0
1x1/0020a0 55 53 0
2x2-1/0059a3 56 53 0
1x1/0033b2 63 53 0
1x1/8b0000 0 54 0
1x1/008e3c 1 54 0
1x1/8b0000 2 54 0
1x1/0020a0 3 54 0
1x1/008e3c 4 54 0
2x2-1/352100 5 54 0
1x1/8b0000 7 54 0
1x1/0020a0 9 54 0
1x1/008e3c 10 54 0
1x3/0059a3 12 54 0
1x1/0033b2 13 54 0
1x2/0059a3 15 54 0
1x1/0033b2 16 54 0
1x1/3e95b6 21 54 0
1x2/009ece 23 54 0
1x1/3e95b6 24 54 0
1x1/3e95b6 25 54 0
1x2/009ece 26 54 0
1x3/039cbd 29 54 0
1x1/3e95b6 30 54 0
1x2/039cbd 31 54 0
1x1/3e95b6 32 54 0
1x2/008f9b 34 54 0
1x1/3e95b6 35 54 0
1x1/0033b2 37 54 0
2x2-1/0059a3 38 54 0
1x5/0059a3 40 54 0
1x1/0020a0 42 54 0
1x1/0033b2 43 54 0
1x1/3e95b6 44 54 0
1x1/3e95b6 45 54 0
1x1/0033b2 52 54 0
1x3/0059a3 53 54 0
1x1/0033b2 55 54 0
1x1/0033b2 62 54 0
1x1/0033b2 63 54 0
1x1/8b0000 0 55 0
1x1/008e3c 1 55 0
1x1/0020a0 2 55 0
1x1/0020a0 3 55 0
1x1/008e3c 4 55 0
1x1/6a7944 7 55 0
1x1/008e3c 9 55 0
1x1/008e3c 10 55 0
1x1/0033b2 13 55 0
1x2/008f9b 14 55 0
1x1/3e95b6 16 55 0
1x1/0033b2 17 55 0
1x1/3e95b6 18 55 0
1x1/3e95b6 21 55 0
1x1/3e95b6 24 55 0
1x1/3e95b6 25 55 0
1x1/3e95b6 27 55 0
1x2/039cbd 30 55 0
1x1/3e95b6 32 55 0
1x1/3e95b6 33 55 0
1x1/0033b2 35 55 0
1x2/0059a3 36 55 0
1x1/0020a0 37 55 0
1x1/0020a0 41 55 0
1x4/0059a3 42 55 0
1x1/0033b2 43 55 0
1x1/3e95b6 44 55 0
1x3/0059a3 45 55 0
1x3/0059a3 49 55 0
1x2/008f9b 50 55 0
1x2/008f9b 52 55 0
1x1/0033b2 54 55 0
1x2/0059a3 55 55 0
1x1/0033b2 56 55 0
1x1/5b98b3 57 55 0
1x1/3e95b6 59 55 0
1x1/3e95b6 60 55 0
1x1/68bcc5 61 55 0
1x1/3e95b6 62 55 0
1x1/3e95b6 63 55 0
1x1/0020a0 0 56 0
1x1/4b0082 1 56 0
1x1/008e3c 2 56 0
1x1/0020a0 3 56 0
1x1/468a5f 4 56 0
1x1/008e3c 5 56 0
1x6/352100 6 56 0
1x1/8b0000 7 56 0
1x1/008e3c 8 56 0
1x1/0020a0 9 56 0
1x1/0033b2 10 56 0
1x1/468a5f 11 56 0
1x1/3e95b6 13 56 0
1x2/008f9b 15 56 0
1x1/3e95b6 16 56 0
1x1/3e95b6 17 56 0
1x1/3e95b6 18 56 0
1x1/3e95b6 19 56 0
1x3/009ece 21 56 0
1x1/3e95b6 23 56 0
1x2/078bc9 24 56 0
2x2-1/039cbd 25 56 0
1x1/3fb69e 27 56 0
4x4-2367/0059a3 31 56 0
1x4/008f9b 35 56 0
1x2/0059a3 37 56 0
1x1/0033b2 38 56 0
1x3/0059a3 39 56 0
1x1/0033b2 41 56 0
1x1/0033b2 43 56 0
1x4/008f9b 44 56 0
1x1/3fb69e 47 56 0
1x3/0059a3 48 56 0
1x5/008f9b 51 56 0
1x1/0020a0 54 56 0
1x1/61afff 56 56 0
1x1/e4cd9e 57 56 0
1x1/6074a1 58 56 0
1x1/6074a1 59 56 0
1x2/467083 60 56 0
1x1/9c9c9c 61 56 0
1x1/627a62 62 56 0
1x1/68bcc5 63 56 0
1x1/008e3c 0 57 0
1x1/008e3c 1 57 0
1x1/0033b2 2 57 0
1x3/352100 3 57 0
1x1/8b0000 4 57 0
1x1/008e3c 5 57 0
1x1/8b0000 7 57 0
1x1/8b0000 8 57 0
1x1/0020a0 9 57 0
1x1/0020a0 10 57 0
1x3/0059a3 11 57 0
1x3/008f9b 12 57 0
1x1/0033b2 13 57 0
1x1/0033b2 14 57 0
1x1/3fb69e 16 57 0
1x2/078bc9 17 57 0
1x1/0033b2 18 57 0
1x1/3fb69e 19 57 0
1x1/3fb69e 20 57 0
1x1/3fb69e 22 57 0
1x2/009ece 23 57 0
1x1/3fb69e 27 57 0
1x1/0033b2 28 57 0
1x2/0059a3 29 57 0
1x1/0033b2 30 57 0
1x1/0033b2 36 57 0
1x4/0059a3 38 57 0
1x1/0033b2 41 57 0
1x1/3fb69e 43 57 0
1x1/0033b2 47 57 0
1x1/0033b2 50 57 0
1x1/0033b2 52 57 0
1x1/0033b2 53 57 0
1x1/3fb69e 54 57 0
2x4/5ac4da 55 57 0
2x2-1/5ac4da 57 57 0
1x1/468a5f 59 57 0
1x1/6e8aa6 61 57 0
1x1/b3d7d1 62 57 0
1x2/7dbfdd 63 57 0
1x1/6a7944 0 58 0
1x1/6a7944 1 58 0
1x1/8b0000 2 58 0
1x4/352100 4 58 0
1x1/008e3c 5 58 0
1x1/8b0000 7 58 0
1x1/0020a0 8 58 0
1x1/0020a0 9 58 0
1x1/008e3c 10 58 0
2x3-1/008f9b 13 58 0
1x1/0033b2 15 58 0
1x1/3fb69e 16 58 0
1x1/3fb69e 18 58 0
1x1/3fb69e 19 58 0
1x1/3fb69e 20 58 0
1x1/3fb69e 22 58 0
1x1/3fb69e 24 58 0
1x1/0033b2 25 58 0
1x1/0033b2 26 58 0
1x2/008f9b 27 58 0
1x1/0033b2 28 58 0
1x1/0020a0 30 58 0
1x1/0033b2 36 58 0
1x1/0020a0 37 58 0
1x2/0059a3 41 58 0
1x1/0033b2 43 58 0
1x1/0033b2 45 58 0
1x1/0033b2 46 58 0
1x2/008f9b 47 58 0
1x4/008f9b 49 58 0
1x1/0033b2 50 58 0
1x1/0033b2 52 58 0
1x1/0033b2 53 58 0
1x5/5ac4da 54 58 0
1x4/5ac4da 59 58 0
1x1/68bcc5 60 58 0
1x1/68bcc5 61 58 0
1x1/61afff 62 58 0
1x1/6a7944 0 59 0
1x1/008e3c 1 59 0
1x1/008e3c 2 59 0
1x1/6a7944 5 59 0
1x1/8b0000 7 59 0
1x1/6a7944 8 59 0
1x1/008e3c 9 59 0
1x1/0033b2 10 59 0
2x2-1/008f9b 15 59 0
1x2/008f9b 17 59 0
1x1/3fb69e 18 59 0
1x1/3fb69e 19 59 0
1x1/3fb69e 20 59 0
1x1/3fb69e 21 59 0
1x1/3fb69e 22 59 0
1x1/0033b2 23 59 0
2x2-1/0059a3 24 59 0
1x1/0033b2 26 59 0
1x1/0033b2 28 59 0
1x1/0020a0 29 59 0
1x1/0020a0 30 59 0
1x1/0033b2 36 59 0
1x2/0059a3 37 59 0
1x2/008f9b 39 59 0
1x1/0033b2 40 59 0
1x1/0020a0 42 59 0
1x1/3fb69e 43 59 0
1x1/0033b2 45 59 0
1x1/0033b2 46 59 0
1x1/3fb69e 48 59 0
1x1/0033b2 50 59 0
1x1/0033b2 52 59 0
1x1/61afff 53 59 0
1x1/61afff 57 59 0
1x3/5ac4da 58 59 0
3x3-268/5ac4da 60 59 0
1x3/5ac4da 63 59 0
1x1/0033b2 0 60 0
1x1/6a7944 1 60 0
1x1/6a7944 2 60 0
1x1/8b0000 3 60 0
1x1/8b0000 5 60 0
1x1/8b0000 7 60 0
1x1/8b0000 8 60 0
1x1/8b0000 9 60 0
1x1/8b0000 10 60 0
1x1/0033b2 11 60 0
1x1/0033b2 12 60 0
1x1/0033b2 18 60 0
1x1/0033b2 19 60 0
1x1/3fb69e 20 60 0
1x1/3fb69e 21 60 0
1x1/0033b2 22 60 0
1x3/0059a3 23 60 0
1x1/0033b2 26 60 0
1x1/3fb69e 27 60 0
1x1/3fb69e 28 60 0
1x4/0059a3 29 60 0
1x1/0033b2 30 60 0
1x4/0059a3 31 60 0
1x1/0033b2 32 60 0
1x1/008e3c 33 60 0
1x1/0033b2 34 60 0
1x1/468a5f 35 60 0
1x1/3fb69e 36 60 0
1x1/0033b2 40 60 0
1x1/0020a0 41 60 0
1x2/009ece 42 60 0
1x1/0033b2 43 60 0
1x1/0033b2 44 60 0
1x1/0033b2 45 60 0
1x2/008f9b 46 60 0
1x1/0033b2 47 60 0
1x2/0059a3 48 60 0
1x2/008f9b 50 60 0
1x1/3fb69e 52 60 0
1x2/5ac4da 53 60 0
1x2/5ac4da 57 60 0
1x1/8b0000 0 61 0
1x1/8b0000 1 61 0
1x1/008e3c 2 61 0
1x1/008e3c 3 61 0
1x3/352100 5 61 0
1x3/352100 7 61 0
1x1/8b0000 8 61 0
1x1/008e3c 9 61 0
1x1/008e3c 10 61 0
1x1/008e3c 11 61 0
1x1/0020a0 12 61 0
1x1/0020a0 13 61 0
1x1/0020a0 14 61 0
1x3/0d4763 15 61 0
1x1/0033b2 16 61 0
2x2-1/0059a3 17 61 0
1x1/0033b2 19 61 0
1x1/3fb69e 20 61 0
1x1/3fb69e 21 61 0
1x1/3fb69e 22 61 0
1x1/0033b2 24 61 0
1x3/008f9b 25 61 0
1x1/0033b2 26 61 0
1x3/0059a3 27 61 0
1x1/0033b2 28 61 0
1x3/0d4763 30 61 0
1x3/0d4763 32 61 0
1x3/0059a3 33 61 0
1x1/6074a1 34 61 0
1x1/84b68d 35 61 0
1x1/3fb69e 36 61 0
1x2/6e8aa6 37 61 0
1x1/3fb69e 38 61 0
1x1/0033b2 39 61 0
1x1/0033b2 40 61 0
1x1/3fb69e 41 61 0
1x1/61afff 43 61 0
1x1/3fb69e 44 61 0
1x1/0033b2 45 61 0
1x1/0033b2 47 61 0
1x1/0033b2 51 61 0
1x1/61afff 52 61 0
1x1/61afff 55 61 0
1x1/61afff 56 61 0
1x1/008e3c 0 62 0
1x1/6a7944 1 62 0
1x1/8b0000 2 62 0
1x1/4b0082 3 62 0
1x1/6a7944 4 62 0
1x1/4b0082 6 62 0
1x1/8b0000 8 62 0
1x1/8b0000 9 62 0
1x1/8b0000 10 62 0
1x1/008e3c 11 62 0
1x1/6a7944 12 62 0
1x1/468a5f 13 62 0
1x1/468a5f 14 62 0
1x1/0033b2 16 62 0
1x1/3fb69e 19 62 0
1x1/5b98b3 20 62 0
1x1/3fb69e 21 62 0
1x2/68bcc5 22 62 0
1x1/0033b2 24 62 0
1x1/0020a0 26 62 0
1x2/0059a3 28 62 0
1x1/0033b2 34 62 0
1x1/3fb69e 35 62 0
1x2/27867e 36 62 0
1x1/3fb69e 38 62 0
1x1/0033b2 39 62 0
1x1/0033b2 40 62 0
1x1/61afff 41 62 0
1x1/61afff 42 62 0
1x1/61afff 43 62 0
1x1/61afff 44 62 0
1x2/009ece 45 62 0
1x1/3fb69e 46 62 0
1x1/3fb69e 47 62 0
2x2-1/009ece 48 62 0
2x2-1/009ece 50 62 0
1x1/61afff 52 62 0
1x1/61afff 53 62 0
1x1/61afff 55 62 0
2x2-1/009ece 56 62 0
2x2-1/009ece 58 62 0
2x2-1/009ece 60 62 0
2x2-1/009ece 62 62 0
1x1/8b0000 0 63 0
1x1/6a7944 1 63 0
1x1/008e3c 2 63 0
1x1/008e3c 3 63 0
1x1/0020a0 4 63 0
1x1/008e3c 6 63 0
1x1/008e3c 8 63 0
1x1/008e3c 9 63 0
1x1/008e3c 10 63 0
1x1/008e3c 11 63 0
1x1/008e3c 12 63 0
1x1/008e3c 13 63 0
1x1/6a7944 14 63 0
1x1/0033b2 16 63 0
1x1/0020a0 17 63 0
1x1/0020a0 18 63 0
1x1/68aece 19 63 0
1x1/61afff 20 63 0
1x1/a7dccf 21 63 0
1x1/61afff 23 63 0
1x1/61afff 24 63 0
1x1/0020a0 26 63 0
1x1/008e3c 34 63 0
1x1/3cb371 35 63 0
1x1/008e3c 37 63 0
1x1/0020a0 38 63 0
1x1/0020a0 39 63 0
1x1/61afff 40 63 0
1x1/61afff 41 63 0
1x1/61afff 42 63 0
1x1/61afff 43 63 0
1x1/61afff 44 63 0
1x1/61afff 46 63 0
1x1/61afff 47 63 0
1x1/61afff 52 63 0
1x1/3fb69e 53 63 0
1x1/3fb69e 54 63 0
1x1/3fb69e 55 63 0
